-3.74175e-05 0.000997768 0.001034 0.999999
-0.00203337 -0.0023108 -0.186312 0.982486
-0.000220234 -0.003302 -0.353434 0.935453
-0.0105701 -0.000968225 -0.500534 0.865652
-0.0175724 -0.00417745 -0.656012 0.754534
-0.00638692 -0.00496172 -0.773127 0.634199
0.00938447 -0.00221436 0.872796 -0.48799
0.00982502 -0.000161427 0.949776 -0.312775
0.0138165 -0.00749385 0.990876 -0.133854
0.0102139 -0.00408566 0.99927 0.036572
0.0114351 0.00268391 0.996124 -0.0871759
0.0107328 -0.0173986 0.989252 -0.144787
0.00709312 -0.00921418 0.993108 -0.116628
0.00472584 -0.00985421 0.999777 -0.0180869
0.001463 -0.00164953 0.99857 0.0534173
0.000937287 -0.00502899 0.993535 0.113415
0.00419922 0.00516307 0.998747 0.0495912
0.0107933 -0.00536927 0.999551 0.0274362
0.00332482 -0.0150595 0.993968 0.10858
0.00473118 -0.000452736 0.984369 0.176055
0.00281421 0.000710513 0.983316 0.181881
0.00333897 0.00177356 0.991893 0.127017
0.00558933 -0.0019549 0.993293 0.115473
0.00616481 -0.00736635 0.988982 0.147721
0.00180219 -0.0045542 0.953914 0.30004
0.00481503 -0.00117571 0.88234 0.470587
0.00739553 -0.00205629 0.782982 0.621997
0.0067933 0.00233273 0.730364 0.68302
0.00526576 -0.0017493 0.721156 0.69275
0.00776659 0.000560999 0.722662 0.691158
-0.00233779 0.00362839 0.710995 0.703184
-0.00137756 0.00125618 0.583133 0.812374
0.00280989 -0.00357938 0.431319 0.902188
0.00500773 0.00105016 0.269221 0.963065
0.0125061 -0.00278823 0.0911965 0.99575
0.00268332 -0.00604296 -0.0699297 0.99753
-0.00935447 -0.00460964 -0.243184 0.969924
0.0117493 0.000565118 -0.139013 0.990221
-0.00125022 -0.00132321 -0.107633 0.994189
0.00114672 -0.00100431 0.012028 0.999926
-0.0112625 0.00135505 0.0200087 0.999735
-0.00268618 0.00196731 0.0261105 0.999654
-0.00488008 0.00058482 0.0288989 0.99957
0.000245981 -0.0007295 0.0196335 0.999807
-0.00461451 0.0010106 0.0252528 0.99967
-0.00693326 0.00385012 0.0218053 0.999731
-0.00502846 0.000514889 0.0275836 0.999607
0.00116373 -0.00254299 0.0194113 0.999808
0.00415541 0.00255815 0.0258871 0.999653
-0.00153683 0.00328608 0.0203079 0.999787
-0.00431552 0.0021161 0.0208329 0.999771
0.00182503 0.00215449 0.0158546 0.99987
-0.0101944 0.00356985 -0.0163641 0.999808
-0.00837519 -0.00118923 -0.0450832 0.998947
0.00664232 0.00167647 -0.0442724 0.998996
0.0105504 0.0027925 -0.03719 0.999249
-0.00420452 -0.000327823 -0.037109 0.999302
-0.00115923 0.00740611 -0.0327328 0.999436
0.00250236 0.00848037 -0.0342212 0.999375
-0.000415883 0.0020083 -0.0257156 0.999667
-0.00309735 0.000277163 -0.0524448 0.998619
-0.00061461 0.00141534 -0.0821247 0.996621
0.0048635 0.00137465 -0.0513441 0.998668
-0.00433453 -0.00565594 0.019095 0.999792
0.00382701 0.00207597 0.0522825 0.998623
0.00422537 0.0032359 0.0900938 0.995919
-0.00983589 0.000597317 0.0914334 0.995762
-0.0114139 0.00480104 0.05994 0.998125
-0.00718238 -0.000946342 0.034202 0.999389
0.00031993 -0.00113799 0.0306597 0.999529
-0.00160408 -0.00105201 0.0204639 0.999789
-0.000330451 -0.00268559 0.00353239 0.99999
-0.000305209 0.00330708 -0.0368985 0.999314
-0.00763488 0.00279687 -0.0827724 0.996535
0.00426478 0.00360081 -0.0875389 0.996145
0.0145393 0.00114751 -0.0898184 0.995851
0.0062345 0.00541036 -0.0736526 0.99725
0.00268034 0.00450858 -0.0289434 0.999567
-0.00463612 0.00132061 0.00572809 0.999972
-0.015658 -0.000218887 0.00823673 0.999843
-0.0125339 -0.00298864 0.00988857 0.999868
-0.00500003 -0.000560529 0.00200233 0.999985
0.00442539 0.00150563 -0.00384987 0.999982
-0.000655008 0.000634606 -0.00223685 0.999997
-0.00357068 -0.00059465 0.000358571 0.999993
-0.00290114 0.00111614 0.000843922 0.999995
0.00094472 -0.00108754 0.00197309 0.999997
0.00122289 0.000362479 -0.00617975 0.99998
-0.0139548 0.00355026 -0.107571 0.994093
-0.00643029 0.00410746 -0.243103 0.969971
0.00616562 0.00270731 -0.377538 0.92597
0.00133739 0.000144519 -0.489859 0.871801
0.0031976 0.00386879 -0.624957 0.780643
-0.00397309 0.00132807 -0.755336 0.655324
-0.00701184 0.00485131 -0.845751 0.53351
0.0101464 -0.00591551 0.914717 -0.403924
0.00982042 -0.00716439 0.95899 -0.28318
0.0106274 -0.0119932 0.986693 -0.161801
0.0128871 -0.00941188 0.998661 -0.0492185
0.0116257 -0.00860761 0.999761 0.0163748
0.00856919 0.00648443 0.9998 0.0168605
0.0118527 0.00276698 0.999376 -0.0331612
0.0110392 0.00231104 0.99114 -0.132344
0.00894665 -0.0021835 0.984269 -0.176434
0.00896908 -0.010362 0.975436 -0.219858
0.00614702 -0.0113778 0.962964 -0.269319
0.00478746 -0.00250065 0.925496 -0.378718
0.00550397 -0.0180812 0.924959 -0.379597
0.00600635 -0.024593 0.939883 -0.340556
0.00189577 -0.0173277 0.95005 -0.31161
0.00142587 -0.0123123 0.963278 -0.268218
0.00237956 -0.0145596 0.975287 -0.220449
0.00534787 -0.0167235 0.986121 -0.165098
0.00518374 -0.00987704 0.993714 -0.111391
0.00182572 -0.000625862 0.998912 -0.046604
0.00214741 0.00214689 0.999961 0.00829033
0.00398451 -0.00226026 0.997847 0.0654182
0.00670129 0.00282302 0.992841 0.119218
0.00777693 0.00752475 0.984358 0.175847
0.00755195 0.00388514 0.973111 0.230178
0.00392223 0.00773441 0.958565 0.284742
0.00489643 0.00491937 0.941512 0.336909
0.00818425 0.00450426 0.921414 0.38847
0.00497006 0.00198048 0.897139 0.441715
0.00593058 0.00609445 0.872775 0.488049
0.00444536 0.00432866 0.827913 0.560822
0.00583859 0.00478293 0.797023 0.603902
0.00715424 0.00345148 0.784411 0.62019
0.00937672 0.00464507 0.812676 0.582622
0.00452303 0.00764922 0.870386 0.49229
0.00335556 0.00522201 0.931342 0.364093
0.00018922 -0.00477117 0.953691 0.300752
-5.44212e-05 -0.01053 0.955902 0.293497
0.0006488 -0.00644173 0.956194 0.292663
0.0010689 -0.00120993 0.969339 0.245721
0.00441639 -0.00077006 0.987132 0.159843
0.00812887 -0.0102768 0.998965 0.0435509
0.0107401 -0.00771234 0.999628 -0.0238489
0.00485799 -0.00927402 0.999643 -0.0245642
0.00723699 -0.0118938 0.999502 0.0283067
0.00256268 -0.0115201 0.999135 0.0398794
0.00243435 -0.00325103 0.999314 0.0368072
0.00804508 -0.00915714 0.999769 0.0177024
0.00487655 -0.00882129 0.999848 0.0142157
0.00349053 -0.00120429 0.999711 0.0237617
0.00689325 -0.00442665 0.99964 0.0255626
0.00343117 -0.0131459 0.999713 0.0197157
0.000203196 -0.00452174 0.999734 0.0226312
0.00822268 -0.00672073 0.999609 0.0258592
0.00823887 -0.00986473 0.999909 0.00406942
0.00798045 -0.00465852 0.998208 -0.059118
0.00914072 -0.00853576 0.998891 -0.0453977
0.00750342 -0.0126581 0.999336 -0.0333412
0.00396271 -0.0105241 0.999601 0.0259135
0.00672474 -0.00309743 0.999338 0.0356321
0.00337012 -0.00325287 0.998509 0.0543804
0.00602608 -0.0059992 0.997946 0.0634979
0.00197073 -0.00857604 0.996139 0.0873503
0.00369487 -0.0023613 0.993794 0.111145
0.00158712 -0.00374393 0.995241 0.0973579
0.00304982 -0.00587768 0.998711 0.0503248
0.00688577 -0.0053178 0.999643 0.0252732
0.00806383 -0.00339133 0.999794 0.018338
0.00247872 -0.00508985 0.999901 -0.0128608
0.00445482 0.00244472 0.999134 -0.0412901
0.00355543 -0.0149512 0.997018 -0.0756299
0.00309163 -0.0245188 0.999465 0.0214313
0.00181634 0.00112231 0.999207 0.0397687
-0.0106454 -0.00607697 0.999112 0.0403061
-0.0191387 -0.0051139 0.998987 0.0403939
-0.00337589 -0.0116263 0.999317 -0.0349216
0.0443423 0.00013025 0.985644 -0.16291
0.0808974 -0.00271806 0.996701 -0.00601726
0.173487 0.00952128 0.982412 -0.0683962
0.246137 0.0242846 0.965167 -0.0853223
0.261931 -0.0118934 0.964532 0.0304906
0.241612 -0.0237643 0.964145 0.107165
0.249584 -0.00208551 0.968227 -0.0155291
0.263446 0.00837514 0.963549 -0.0458147
0.268952 0.00161571 0.962118 -0.0446106
0.254603 -0.0318014 0.962418 0.0889804
0.239238 -0.0265706 0.96166 0.131415
0.249213 -0.000326491 0.968344 0.0142596
0.257359 0.0258456 0.964298 -0.0568153
0.147089 0.000171233 0.988568 -0.0331284
-0.00565928 -0.00877992 0.999932 0.00509949
-0.00234599 -0.00989801 0.984474 0.175238
-0.00165364 -0.00908448 0.929883 0.36774
-0.00789677 -0.00604217 0.840573 0.541607
-0.0030703 0.00405658 0.746863 0.664959
-0.00135341 0.00232103 0.602723 0.797946
-0.003629 0.0138444 0.702028 0.712006
-0.00467978 0.0116717 0.701121 0.712931
-0.0048351 0.0121675 0.576334 0.817109
-0.00295418 0.0105131 0.429022 0.903228
-0.00033332 0.00615644 0.244694 0.969581
0.00441616 0.0151525 0.0539197 0.998421
-0.00231053 -0.0284232 -0.0464598 0.998513
-0.0137445 -0.202448 -0.0520696 0.977811
0.00702385 -0.253775 0.0359809 0.966568
0.012357 -0.242619 0.0298905 0.969582
0.0130598 -0.238947 0.028351 0.970531
0.0136568 -0.260317 0.0327158 0.964872
0.00751166 -0.249723 0.0338443 0.967697
0.00227337 -0.251148 0.0250267 0.967622
0.0165049 -0.220158 0.0357927 0.974668
0.00870611 -0.0477535 0.0413273 0.997966
-0.00221388 0.0173189 -0.0848526 0.996241
0.00384631 0.00196196 0.0659374 0.997814
0.000209649 0.00369306 -0.0366717 0.999321
-0.00222641 0.0226139 -0.134085 0.990709
0.00436496 0.0214339 -0.134273 0.990703
0.00820367 0.0118222 0.0113036 0.999833
0.00355641 0.0206446 0.0111174 0.999719
-0.00607547 0.0212237 -0.127788 0.991556
0.000493052 0.0129819 -0.124924 0.992081
0.00233792 0.0254053 -0.0822242 0.996287
0.00675373 0.022116 0.0111189 0.999671
0.00254059 0.0174879 0.010501 0.999789
-0.00747364 0.0187959 -0.0401913 0.998987
-0.00438313 0.0222003 -0.0436742 0.99879
-0.00167489 0.013035 -0.0409269 0.999076
-0.00237952 0.0236503 -0.0426267 0.998808
0.00600651 0.0207167 -0.0436041 0.998816
0.00152126 0.011215 -0.0450175 0.998922
0.00428921 0.0220392 -0.0440648 0.998776
-0.00201197 0.0221933 -0.041806 0.998877
-0.00584411 0.00156918 -0.0376242 0.999274
-0.00277634 -0.0021815 -0.041119 0.999148
0.000685962 -0.00999879 -0.0458861 0.998896
-0.00449251 -0.000163095 -0.0482151 0.998827
-0.00824104 -0.00631438 -0.0394806 0.999166
0.00219917 -0.00242043 -0.0364326 0.999331
0.00694127 0.000732951 -0.0442329 0.998997
-0.00312268 0.00136379 -0.0420019 0.999112
-0.0119014 0.00346317 -0.0396954 0.999135
-0.00499116 -0.00228246 -0.0328331 0.999446
0.000871779 0.000916835 -0.0280765 0.999605
-0.000913462 -0.000306322 -0.0217635 0.999763
-0.000116626 -0.000524201 -0.0142936 0.999898
-0.00289984 0.000171143 -0.0059675 0.999978
0.000956869 0.000462763 -0.00272495 0.999996
-0.0038142 0.00118337 -0.00248044 0.999989
0.000502053 0.00225804 -0.00147511 0.999996
0.00123372 0.00232749 -0.00513649 0.999983
0.000199252 0.00229776 -0.00373315 0.99999
-0.00102112 0.00355733 -0.00307026 0.999988
-0.0049038 0.0035353 -0.00202873 0.99998
0.00326501 0.00291978 -0.00073694 0.99999
-0.00160544 0.00113864 -0.00483741 0.999986
-0.00148137 0.00182229 -0.00440069 0.999988
-0.000462854 0.00585324 -0.00217031 0.99998
-0.000288929 0.00271142 -0.00646043 0.999975
0.00248498 0.00030069 -0.000927242 0.999996
0.00237098 -0.00353927 -0.00277817 0.999987
0.000737453 0.00143733 -0.00588352 0.999981
-0.00595893 0.000744527 -0.0123781 0.999905
-0.00459744 -0.00213561 -0.0124954 0.999909
-0.0024682 0.00283632 -0.0114179 0.999928
0.00296713 -0.000361692 -0.0123008 0.99992
0.00127542 0.0034007 -0.0101319 0.999942
-0.00812443 0.000375737 -0.00612926 0.999948
-0.00734579 0.0014618 -0.00115765 0.999971
-0.00624086 0.00864238 -0.00472041 0.999932
-0.00394971 0.00278659 -0.0124236 0.999911
-0.00902665 0.000321873 -0.0125491 0.99988
-0.00593439 -0.00388729 -0.0116912 0.999906
0.00204731 0.00255169 -0.00742282 0.999967
0.00801509 0.000712038 -0.00644082 0.999947
0.00196857 -0.00126061 -0.00368836 0.99999
-0.0089555 0.00436764 -0.00519837 0.999937
-0.00714472 0.00202525 -0.00980445 0.999924
-0.000606677 -0.000573553 -0.0111597 0.999937
0.00313439 0.00707893 -0.00789406 0.999939
-0.00406686 0.00384073 -0.0057756 0.999968
-0.00646952 0.00675479 -0.00433991 0.999947
0.00100794 0.00523597 -0.171061 0.985246
0.00604216 0.00471861 -0.342972 0.939314
0.0057475 0.00192861 -0.518023 0.855345
-0.00116238 -0.00546269 -0.655844 0.754875
-0.00785891 -0.00400264 -0.783591 0.621214
0.0133468 0.00659072 0.875329 -0.4833
0.0155775 -2.54762e-05 0.945704 -0.324655
0.00512226 0.00152817 0.989691 -0.143122
0.0139355 -0.0044415 0.999159 0.0383082
0.0128282 -0.00355632 0.981498 0.191009
0.00623334 -0.0044879 0.981764 0.189949
0.00729474 -0.00543126 0.998569 0.0527073
0.00991558 -0.0198635 0.999569 0.0192066
0.00974153 -0.0114576 0.999816 0.0118994
0.00510887 -0.0024765 0.999864 0.0154579
0.00476131 -0.00940879 0.999817 0.015973
0.00727657 -0.010893 0.99958 -0.0258323
0.00758413 -0.00514279 0.998868 -0.0466823
0.00664597 -0.00493277 0.9989 -0.0461526
0.00817003 -0.0100473 0.998849 -0.0461773
0.00925126 -0.0111752 0.998729 -0.0482791
0.00968437 -0.00838661 0.998768 -0.0479329
0.00590104 -0.00906311 0.999029 -0.0427163
0.00688232 -0.013595 0.999382 -0.0316818
0.00633382 -0.0132887 0.999659 -0.0215882
0.0101341 -0.00810115 0.99988 -0.00845432
0.00830216 -0.00526039 0.999948 0.00269508
0.00955135 -0.00692434 0.999923 0.00379987
0.00200619 -0.00567585 0.999965 0.00581066
0.00691315 0.000303593 0.999901 0.0122908
0.00874526 -0.00273029 0.999835 0.015666
0.00268978 -0.0031678 0.999895 0.0138633
0.00634613 -0.00599151 0.999925 0.0085472
0.0066349 -0.00891493 0.999913 0.0070804
0.00525145 -0.00711637 0.999958 0.00250197
0.00280168 -0.00938589 0.999924 0.00745821
0.00328566 -0.0110719 0.999912 0.00651244
0.0027171 -0.00952327 0.999933 0.00600285
0.00243899 -0.00585187 0.999952 0.00753622
0.00610594 -0.00534665 0.999863 0.0143925
0.00830515 -0.00670929 0.999823 0.0155189
0.00198785 -0.00376926 0.999935 0.0105631
0.00358653 -0.00296164 0.999969 0.00631314
0.0065464 -0.00596286 0.999951 0.00450902
0.000265106 -0.0101536 0.999916 0.00810615
0.0017631 -0.00841363 0.999874 0.0133702
-0.0167393 -0.0171301 0.999632 0.0127067
0.000383919 0.0145293 0.999583 0.0249647
0.0123137 -0.0167018 0.999223 0.0335117
0.0150906 0.0110903 0.999567 0.0227036
0.0121797 -0.000611188 0.999313 0.0350077
0.00783242 -0.00750379 0.999059 0.0419989
0.00750683 0.00383805 0.999535 0.0292884
0.0111726 -0.00897544 0.99909 0.0401752
0.00319183 -0.00427204 0.999016 0.0440195
0.00699622 -0.00254392 0.999458 0.0320795
0.00990053 -0.00910767 0.99896 0.0435589
0.0145726 -0.00017212 0.998993 0.0424247
0.00408114 -0.00389545 0.99935 0.0356041
0.00590748 -0.00534726 0.998808 0.0481531
0.0172606 0.0104604 0.999796 -0.000604575
0.0111447 -0.0128871 0.999191 -0.0364323
0.00858903 -0.00369807 0.99962 -0.0259231
0.00853221 0.00818397 0.999333 -0.0345479
0.009318 -0.00713514 0.999496 -0.0295118
0.00799339 -0.00117917 0.999721 -0.022214
0.00720064 0.0015542 0.999355 -0.0351512
0.0109047 -0.00919783 0.999621 -0.0235415
0.00692441 -0.00210306 0.999755 -0.0209291
0.00353089 -0.00468643 0.999528 -0.0301698
0.00458596 -0.00946954 0.999787 -0.0177556
0.0128283 0.00312478 0.999685 -0.0213644
-0.0101976 -0.00397565 0.999638 -0.0245589
-0.0126608 -0.010972 0.999672 -0.0193757
-0.00100034 0.000140811 0.994134 -0.108155
0.17148 0.00578828 0.980581 -0.0949804
0.2551 0.0177085 0.962374 -0.0919096
0.269106 -0.0128457 0.962861 0.0177569
0.271562 -0.0154205 0.96005 0.0657204
0.296561 -0.0155929 0.952859 0.0621912
0.259403 -0.00873325 0.963768 0.0615193
0.256209 -0.0264009 0.963417 0.07408
0.278385 -0.0141406 0.958147 0.0652456
0.262772 0.00632325 0.964107 -0.0375253
0.264386 0.00360528 0.96379 -0.0345654
0.0939797 -0.00517054 0.995181 -0.0274836
0.00588073 -0.00628202 0.998023 0.0622573
-0.0132698 -0.00403199 0.968913 0.247013
-0.00584176 0.00273027 0.904807 0.425772
0.00115515 0.0012529 0.80623 0.5916
0.00467568 0.00871592 0.70237 0.711743
-0.0103881 0.0100185 0.698795 0.715176
-0.00839908 0.00473095 0.699446 0.71462
-0.0187432 0.0119916 0.698928 0.714845
-0.00815121 0.0103535 0.540734 0.84109
0.00250558 0.00124705 0.368639 0.929568
0.00610092 -0.000617948 0.17699 0.984194
0.00890196 -0.00291426 -0.00206774 0.999954
-0.00174712 0.0146677 -0.0176647 0.999735
0.00127157 -0.0979643 -0.0235333 0.994911
0.00029982 -0.247492 -0.0130962 0.968801
0.00482783 -0.265361 -0.017854 0.963972
-0.00254886 -0.264877 -0.0124411 0.964199
-0.00171111 -0.264518 -0.010483 0.964322
0.00141539 -0.264431 -0.0146941 0.964292
-0.0066397 -0.249023 -0.0263292 0.968117
-0.00706529 -0.244753 -0.0285794 0.969138
-0.00430905 -0.0965489 -0.0187527 0.995142
-0.00731814 0.0266098 -0.0170018 0.999475
-0.00339778 0.0196947 -0.0157842 0.999676
0.0021191 -0.0011937 -0.175908 0.984404
0.000470193 -0.00145645 -0.343733 0.939066
0.000617849 -0.000720794 -0.519323 0.854578
-0.00233664 -0.00137368 -0.672664 0.739944
-0.0030894 -0.000980545 -0.794175 0.60768
0.000898936 0.00815767 -0.684956 0.728539
0.00995779 0.0114942 -0.682583 0.73065
0.00194866 0.0204458 -0.805374 0.592411
0.0145205 0.0140745 -0.807023 0.590174
0.0138805 0.0136863 -0.713447 0.700438
0.00528419 0.0180705 -0.711382 0.702553
0.00990277 0.0230104 -0.712211 0.701519
-0.00454606 0.0193774 -0.822642 0.568211
-0.00296086 -0.0214477 0.905024 -0.424809
-0.00691126 -0.0170418 0.968996 -0.246392
-0.0019184 -0.0171707 0.997208 -0.0726474
-0.00898141 -0.00463762 0.997309 0.0726174
-0.00635666 0.00469204 0.997223 0.0740479
-0.00915556 0.0111871 0.99548 -0.0938664
-0.0164132 -0.00187306 0.993756 -0.110345
-0.0106843 -0.00494686 0.997477 -0.0700122
-0.0129833 -0.00807936 0.997737 0.0654692
-0.0180537 -0.00646901 0.997682 0.0652877
-0.0102822 -0.00425776 0.997911 0.0636407
-0.0131055 -0.00462946 0.997834 0.0642977
-0.00988622 0.00197046 0.997816 0.0652755
-0.0061548 -0.0120669 0.970643 0.240144
-0.0116627 -0.00414048 0.905274 0.424647
-0.00385818 0.00314039 0.804443 0.594009
0.00362986 0.00272351 0.67399 0.738726
0.00630751 0.00623067 0.517955 0.855362
0.00565595 0.00352995 0.35892 0.933344
0.00486302 0.00489804 0.171773 0.985112
0.0032404 0.00393264 -0.0244924 0.999687
0.00570823 0.0243057 -0.0968595 0.994985
0.012043 0.0100762 0.0853061 0.996231
0.00382275 0.0163903 0.0766144 0.996919
-0.0151829 0.012449 0.0216323 0.999573
-0.0182289 0.015345 -0.160082 0.986816
0.00482946 0.0165858 -0.161027 0.986799
0.00920504 0.014662 -0.161559 0.986711
0.00746964 0.0191485 -0.146194 0.989042
0.00280069 0.0174465 -0.0329519 0.999301
-0.00273857 0.0125476 -0.0307614 0.999444
-0.00367821 0.0241839 -0.0321655 0.999183
0.000821094 0.0202265 -0.0302098 0.999339
