59 133 0.889117301 0.509883940 0.015954396 0.000698559 -0.025305603 0.964063704 0.264463484
60 134 -0.065290272 0.370329082 0.023932412 0.000265195 -0.011700240 0.981992066 0.188563004
59 135 -0.008076915 0.256123632 0.009328246 0.000169463 -0.002945645 0.991621375 0.129144356
57 137 -0.058312211 -0.123460002 -0.023117434 0.000467295 -0.005660403 0.998069763 -0.061846796
56 138 -0.082104765 -0.136902213 0.002532672 0.003732467 -0.012375183 0.997563004 -0.068571903
55 139 -0.023011047 -0.031735450 0.001410164 0.003016896 -0.002620062 0.999867201 -0.015861999
53 141 0.051684707 -0.033816945 -0.026210189 0.003780634 -0.007049913 0.999825358 -0.016884770
52 142 -0.011360210 -0.016430853 -0.014277370 0.000940243 -0.017770944 0.999808431 -0.008200275
50 144 0.020566553 0.071140878 0.004093456 -0.003620679 -0.005712615 0.999344230 0.035573080
49 145 0.109646082 0.067979418 -0.004417227 -0.001784932 -0.001550331 0.999418616 0.034006722
48 146 0.054097686 0.076022469 -0.005848231 -0.000219061 -0.002731276 0.999272406 0.038038302
47 147 0.039932393 0.076769523 0.017153723 0.003486236 0.002594281 0.999252677 0.038404431
46 148 0.137846455 0.095549271 -0.030829903 0.005418200 -0.006456231 0.998818040 0.047866169
45 149 0.121745758 0.037951365 -0.022055740 0.002448795 -0.011080379 0.999755144 0.019007476
44 150 0.164740428 -0.069322668 -0.018456928 0.004546702 -0.002746051 0.999385238 -0.034670185
43 151 0.197096124 -0.045907948 -0.011445300 0.009372325 -0.000698981 0.999693453 -0.022954455
42 152 0.105826557 -0.014925546 -0.017989464 0.002627082 -0.011311512 0.999904990 -0.007433773
41 153 0.130804718 0.091572829 -0.001812405 -0.002741837 -0.003162564 0.998941243 0.045826234
40 154 0.105103701 0.106041007 -0.002392326 -0.001351479 -0.008313497 0.998554528 0.053086020
38 156 0.038743138 -0.104001902 0.002435501 0.003808733 -0.002754969 0.998632908 -0.052061491
37 157 0.032501582 -0.101481341 -0.011530658 -0.002960980 0.002868546 0.998700678 -0.050798543
35 158 0.204703242 0.071108058 0.017091058 0.001025009 0.005902731 0.999349236 0.035571419
32 160 -0.063409939 0.828965962 0.022928251 -0.000416729 -0.003932822 0.882967114 0.469418973
32 161 -0.396180928 0.801310718 0.015233683 0.001500086 -0.006943269 0.893892109 0.448226362
239 320 0.106085747 -0.024740906 0.014935713 -0.004934228 -0.007503421 0.999882817 -0.012408889
238 321 0.166639239 -0.025911409 0.005208035 -0.003104491 -0.005625044 0.999895155 -0.012974528
237 322 0.157565713 -0.040196057 -0.050034400 -0.030189909 -0.020157166 0.999126315 -0.020724665
235 324 0.199949443 -0.018051600 -0.066894732 0.001036284 -0.027174605 0.999589860 -0.009001309
233 326 0.254171729 -0.029396351 -0.086684935 -0.003210100 0.005614092 0.999871254 -0.014682044
232 327 0.185020104 0.002134068 -0.046984717 0.000461977 0.004729912 0.999988258 0.001064879
230 329 0.096225552 -0.026724828 -0.063503951 0.002184436 -0.010102768 0.999857485 -0.013342254
228 331 0.029487478 -0.030354798 -0.054190341 0.001174996 -0.005361910 0.999869347 -0.015173122
227 332 0.003112014 0.000716735 -0.042840425 -0.000535172 -0.015543892 0.999878943 0.000350077
225 334 -0.003807111 -0.029798230 -0.059197471 -0.021269821 0.004567757 0.999653697 -0.014807087
223 336 -0.097525045 -0.101797119 -0.069707252 -0.004824932 0.018335799 0.998524666 -0.050885174
222 337 -0.085388899 -0.167071134 -0.088135831 -0.016835790 -0.015131545 0.996199727 -0.084109992
220 339 -0.097169697 -0.167433277 -0.083740570 -0.015656834 0.008711755 0.996314228 -0.083889440
217 341 0.250962734 -0.030456161 -0.034564510 -0.019965533 0.008128439 0.999653935 -0.015070959
217 342 -0.289973885 -0.062425651 -0.052951545 -0.018367162 0.012741152 0.999269545 -0.031001464
215 344 -0.111971445 -0.294505179 -0.088010766 -0.011568712 0.000362580 0.988781810 -0.148918986
212 346 0.076506592 -0.023048582 -0.034970440 -0.015450388 -0.003982741 0.999805689 -0.011588066
212 347 -0.467068404 -0.023524290 -0.067446880 -0.006450325 0.011619167 0.999843597 -0.011688958
