1767851531.680952311 -0.134129447 0.000785958 -0.059330502 -0.000037417 0.000997768 0.001033997 0.999998967
1767851581.479300976 -0.321808793 0.124113359 -0.088274074 -0.002140638 -0.000999795 -0.187196191 0.982319706
1767851582.279397011 -0.293694374 0.187082126 -0.089766515 -0.000385563 0.000273666 -0.353926200 0.935273234
1767851582.980836153 -0.234805775 0.254102301 -0.083012728 -0.007778771 0.006661121 -0.502428153 0.864558310
1767851583.779474735 -0.170554767 0.285794343 -0.084411463 -0.010211487 0.004087573 -0.657274586 0.753570923
1767851584.481094599 -0.151528018 -0.109979476 -0.082200097 0.006869175 -0.000956449 -0.773354824 0.633935499
1767851585.281427383 -0.075437323 -0.182509450 -0.075825305 0.005425383 0.002948746 0.872966757 -0.487740618
1767851586.078754425 -0.112321585 -0.351635555 -0.077184318 0.003058489 0.000213069 0.950143504 -0.311797885
1767851586.881443739 -0.300444928 -0.566669047 -0.078886433 0.005722971 -0.005048952 0.991324342 -0.131216633
1767851587.681752443 -0.662906947 -0.710390753 -0.081311426 0.004460867 -0.000473984 0.999263944 0.038097857
1767851588.881764650 -1.187674098 -0.593812921 -0.077426924 0.007970379 0.004941389 0.995734572 -0.091786265
1767851589.881209850 -1.674184325 -0.749582836 -0.070308574 0.004750513 -0.017464254 0.989021135 -0.146661604
1767851590.778878689 -2.194048735 -0.907000854 -0.062738481 0.002112705 -0.007171526 0.993148461 -0.116620065
1767851591.677541971 -2.705183422 -1.027975984 -0.062205629 0.000704815 -0.009525976 0.999792399 -0.017997742
1767851592.580818653 -3.233107475 -1.042827387 -0.052456571 -0.000625932 0.002413061 0.998661333 0.051665524
1767851593.481225252 -3.776102339 -0.989162166 -0.036091000 0.001357713 -0.003187400 0.993640940 0.112541897
1767851594.480851173 -4.293078629 -0.834334339 -0.041444227 0.005590770 0.004746095 0.998864591 0.047071717
1767851595.481768608 -4.856282350 -0.818065373 -0.042827721 0.011431220 -0.006013603 0.999608696 0.024811678
1767851596.479390144 -5.405824146 -0.821772011 -0.018866203 0.004087061 -0.013302721 0.994062659 0.107915543
1767851597.479235411 -5.926260787 -0.667976967 -0.010672103 0.006748959 -0.000276973 0.984723226 0.173995816
1767851598.281322718 -6.399675115 -0.498058874 -0.008883835 0.004029402 -0.000609275 0.983770930 0.179382694
1767851599.181213140 -6.902251389 -0.300747638 -0.002006825 0.004752959 0.001976226 0.992403792 0.122915486
1767851599.981177568 -7.392474447 -0.194638727 0.013603225 0.009313980 -0.005154306 0.993551941 0.112877027
1767851600.881224632 -7.905605217 -0.113299825 0.020296194 0.011135911 -0.009349421 0.989350327 0.144825796
1767851601.881284237 -8.398547977 0.035145060 0.023560236 0.007117879 -0.007102018 0.954161325 0.299123826
1767851602.781050444 -8.816832469 0.311149899 0.045969340 0.008438688 -0.001566328 0.883265459 0.468794693
1767851603.580823898 -9.059614200 0.680003084 0.057149364 0.014331036 -0.001159318 0.784684990 0.619727960
1767851604.479573488 -9.159180515 1.173797057 0.071347312 0.014644347 0.001671568 0.735417353 0.677454106
1767851605.377698421 -9.198813087 1.726462743 0.083698815 0.011312599 -0.007168697 0.724885866 0.688738787
1767851606.079194784 -9.229943404 2.276381493 0.099259741 0.012119421 -0.000421330 0.727251167 0.686264295
1767851606.881182194 -9.291230714 2.781868140 0.128986664 0.007343334 -0.005922176 0.715570047 0.698477281
1767851608.180986643 -9.312261376 3.308284262 0.111977608 0.007218091 -0.005285416 0.587815443 0.808945591
1767851608.981083155 -9.242594324 3.562253430 0.105685673 0.009467540 -0.010026999 0.434941281 0.900353213
1767851609.781148195 -9.132846159 3.789302053 0.138594286 0.014342832 -0.007823818 0.273232581 0.961809247
1767851610.579017639 -9.105292912 3.869406814 0.146373988 0.022056730 -0.008541764 0.094747309 0.995220321
1767851611.281174660 -8.937886320 3.958839498 0.139601073 0.011737633 -0.008094049 -0.066722735 0.997669680
1767851612.081117392 -8.656918891 4.016142329 0.162422134 0.002575721 -0.009851899 -0.237315716 0.971379203
1767851613.681245327 -8.275975993 3.691704637 0.171394472 0.016788032 -0.007285507 -0.132395675 0.991027986
1767851615.677956104 -7.766330528 3.624381403 0.163945531 0.005264793 -0.005718730 -0.100179978 0.994938968
1767851617.280745983 -7.263894744 3.479044412 0.157821359 0.010917286 -0.007734131 0.019515433 0.999720033
1767851618.679573774 -6.739822281 3.524466589 0.159195388 -0.004472925 -0.003217164 0.026075783 0.999644785
1767851619.581103086 -6.227791248 3.554524855 0.179655837 0.005200853 -0.001856955 0.032934653 0.999442250
1767851620.681186914 -5.675270734 3.605246284 0.183735251 0.003181020 -0.004640845 0.035664174 0.999347993
1767851621.582043648 -5.169546654 3.628604655 0.182039519 0.007455622 -0.007477592 0.026094219 0.999603717
1767851622.479669333 -4.634961223 3.681484075 0.189776326 0.001913097 -0.005473225 0.032824735 0.999444306
1767851623.479591608 -4.084093321 3.726933004 0.199414851 -0.003640724 -0.002238588 0.029841085 0.999545518
1767851624.281109810 -3.556381714 3.757590629 0.206943416 -0.003483698 -0.005211606 0.035900086 0.999335723
1767851625.181131363 -3.005909375 3.799793550 0.196499844 0.006354135 -0.009563581 0.028720609 0.999521530
1767851625.981269598 -2.460096006 3.818367173 0.222290274 0.007192381 -0.004954342 0.034311464 0.999373027
1767851626.879559755 -1.906748524 3.883090856 0.220106652 0.001669655 -0.003918643 0.029131738 0.999566505
1767851627.681213379 -1.344005894 3.922256094 0.221979741 -0.005326511 -0.003970007 0.029983142 0.999528328
1767851628.281203508 -0.827714858 3.954612353 0.232559116 0.003149718 -0.002262177 0.025410531 0.999669579
1767851628.981066942 -0.274849162 4.012856420 0.248862505 -0.005264832 -0.003293553 -0.006473045 0.999959766
1767851629.679686069 0.247512248 4.013498402 0.262873588 -0.002690364 -0.010482969 -0.035038923 0.999327345
1767851630.381223202 0.784630928 3.937876039 0.256131991 0.009948116 -0.005306368 -0.033568530 0.999372819
1767851631.080004454 1.298255766 3.897712564 0.272122284 0.011687826 -0.006124357 -0.029350505 0.999482083
1767851631.780294180 1.830845889 3.912892359 0.267679114 -0.002122236 -0.009642149 -0.027978513 0.999559767
1767851632.477815628 2.369171604 3.885096611 0.283250884 -0.000232795 -0.000482297 -0.023346758 0.999727284
1767851633.481294870 2.904612900 3.866974357 0.300105318 0.002927188 -0.004738369 -0.025774133 0.999652276
1767851634.581157923 3.422405401 3.856247656 0.286867482 0.000595260 -0.008100025 -0.016068923 0.999837899
1767851635.281047344 3.941745148 3.845653314 0.291483381 -0.002684848 -0.009635302 -0.044515112 0.998958636
1767851636.181122780 4.480022745 3.791669035 0.327458289 0.001974066 -0.010679410 -0.072212426 0.997330145
1767851637.181326628 4.985237240 3.716575510 0.327994866 0.001264885 -0.010352136 -0.041096391 0.999100756
1767851638.081493378 5.560391430 3.720999039 0.309949665 -0.010687528 -0.010672114 0.029458204 0.999451898
1767851638.782017469 6.118363085 3.743632984 0.337442005 -0.002183289 -0.005115803 0.062638848 0.998020760
1767851639.479944229 6.688188564 3.818748326 0.356031492 -0.006523025 -0.003708587 0.100414481 0.994917398
1767851640.181219816 7.226081764 3.976491768 0.359559493 -0.021705510 -0.010363324 0.100869423 0.994608884
1767851640.881132364 7.768582630 4.112412502 0.362549027 -0.021771305 -0.004025261 0.068542924 0.997402464
1767851641.581154108 8.295420714 4.186427299 0.365773632 -0.012104855 -0.009179418 0.044373158 0.998899511
1767851642.179113388 8.870927281 4.222464186 0.385146268 -0.007212506 -0.009310678 0.042207368 0.999039453
1767851642.681074142 9.388049184 4.275101015 0.389269689 -0.009627009 -0.006762905 0.030524697 0.999464770
1767851643.180038452 9.890500963 4.321925615 0.412387310 -0.004174237 -0.013445287 0.013682554 0.999807275
1767851643.781156778 10.413570894 4.366272375 0.419245065 -0.003497615 -0.010378202 -0.028186717 0.999542680
1767851644.480032682 11.008039114 4.345259898 0.423139581 -0.009863966 -0.007487228 -0.072574336 0.997286122
1767851645.081068277 11.563926037 4.257457403 0.427664327 0.005741034 -0.007312911 -0.076567554 0.997021049
1767851645.681222916 12.095773253 4.147724564 0.452729230 0.015632168 -0.008569373 -0.077774910 0.996811549
1767851646.280128956 12.622836510 4.076947386 0.464182566 0.002570416 -0.006427572 -0.061790731 0.998065121
1767851646.881154776 13.147899986 4.035528503 0.474396797 -0.003415606 -0.007601169 -0.015713580 0.999841807
1767851647.481303930 13.652215567 4.027207425 0.476035446 -0.015118903 -0.009629995 0.018023212 0.999676871
1767851648.081193209 14.252798049 4.102131437 0.488932960 -0.026359230 -0.008614810 0.020561749 0.999403918
1767851648.581135511 14.784114173 4.124172067 0.510604988 -0.021319672 -0.015918950 0.021439466 0.999416033
1767851649.181177616 15.353306646 4.155954641 0.530948436 -0.013456686 -0.014179748 0.014624396 0.999701945
1767851649.781260252 15.888150132 4.139155595 0.547056834 -0.005256209 -0.011758602 0.007798625 0.999886638
1767851650.381180525 16.405936169 4.175700330 0.548424545 -0.011059210 -0.013751731 0.010011096 0.999794160
1767851650.981074810 16.939257115 4.210415917 0.559757802 -0.014259704 -0.015611838 0.014001913 0.999678387
1767851651.581001282 17.495863915 4.232174331 0.582809876 -0.014020499 -0.014062282 0.014831007 0.999692812
1767851652.181196451 18.037643512 4.245772299 0.593761008 -0.010415032 -0.015996118 0.015500434 0.999697648
1767851652.778074503 18.603301600 4.282545828 0.605091412 -0.010495700 -0.014352414 0.007784981 0.999811604
1767851653.479763508 19.147782307 4.332773571 0.628683963 -0.020257368 -0.014489811 -0.096965659 0.994976053
1767851654.181177139 19.667730833 4.193771114 0.642398911 -0.003317722 -0.014130154 -0.233763202 0.972185217
1767851654.880241156 20.144495956 3.893056930 0.655332029 0.013546710 -0.012958131 -0.367170115 0.929964881
1767851655.481240749 20.514291866 3.539975413 0.675310574 0.011588552 -0.017405854 -0.479824357 0.877115345
1767851656.181145191 20.829188972 3.062893850 0.682240293 0.018855827 -0.015638376 -0.615485229 0.787767626
1767851656.981111050 20.900387019 2.510150706 0.709752979 0.013872370 -0.022450797 -0.746069743 0.665344616
1767851657.681030989 20.889495151 1.996639260 0.698845695 0.014478570 -0.017684145 -0.838474150 0.544461884
1767851658.381239891 20.657222853 1.529839284 0.705907183 -0.014412372 0.017354005 0.909092891 -0.415982255
1767851658.979203701 20.298421914 1.173071847 0.713735457 -0.016725650 0.014557013 0.954800711 -0.296418536
1767851659.581299782 19.892504597 0.880974463 0.707385408 -0.016216747 0.011046542 0.984348294 -0.175138308
1767851660.179785013 19.401291373 0.723629458 0.697566851 -0.014019401 0.011247295 0.997887155 -0.062435405
1767851660.781196117 18.882231030 0.648166289 0.688352723 -0.014869241 0.011790733 0.999816295 0.002694492
1767851661.385771275 18.324399950 0.714509624 0.673719351 -0.015899856 0.024484148 0.999572221 0.001759485
1767851662.078182459 17.746638571 0.706267636 0.653078393 -0.011636629 0.020080662 0.998514777 -0.049290931
1767851662.681156635 17.195854127 0.654899891 0.646571622 -0.009275684 0.020968969 0.988457995 -0.149749980
1767851663.276186466 16.687099442 0.489433207 0.629385901 -0.010519898 0.014296618 0.981252761 -0.191906116
1767851663.879849911 16.211947607 0.278533798 0.611460939 -0.009607698 0.005648282 0.971651340 -0.236155590
1767851664.481184959 15.710892641 0.009245292 0.606463194 -0.009541307 0.003877940 0.958343281 -0.285433146
1767851665.179360151 15.204156757 -0.290622068 0.594605736 -0.009155008 0.011742043 0.918657555 -0.394774122
1767851665.781106949 14.822202824 -0.733639238 0.581294249 -0.007899481 -0.007763608 0.919349572 -0.393285760
1767851666.381234407 14.505620238 -1.123042594 0.576937832 -0.008132494 -0.012156587 0.935085710 -0.354119747
1767851666.981178045 14.097314154 -1.458943937 0.569164876 -0.013960494 -0.003755384 0.945652962 -0.324856087
1767851667.580896378 13.629028437 -1.796189970 0.563375417 -0.013745445 0.001614470 0.959710432 -0.280649857
1767851668.180738449 13.171089894 -2.098256857 0.550171161 -0.014094273 -0.000813038 0.972153197 -0.233920612
1767851668.780238390 12.664546379 -2.376744051 0.549366024 -0.011911512 -0.003039403 0.983899124 -0.178301406
1767851669.378335476 12.158391762 -2.546895900 0.541735432 -0.012032547 0.005628478 0.992108257 -0.124678561
1767851669.980219603 11.624082969 -2.661084718 0.540431447 -0.017180592 0.015839517 0.997946699 -0.059634910
1767851670.580409050 11.081216459 -2.720335309 0.522365792 -0.016825177 0.017907085 0.999683810 -0.005341364
1767851671.181680918 10.509532011 -2.725695876 0.508287185 -0.014350886 0.010417527 0.998484811 0.052092312
1767851671.778137922 10.002441069 -2.661530398 0.500632844 -0.011301330 0.017133661 0.994244223 0.105152948
1767851672.381189823 9.443542634 -2.523299004 0.492551904 -0.010419653 0.021109515 0.986486996 0.162139524
1767851672.980304480 8.930100964 -2.334763516 0.483722319 -0.010256118 0.016356975 0.976107452 0.216428979
1767851673.580590725 8.454286025 -2.096732950 0.477492903 -0.013417650 0.019262457 0.962209385 0.271296931
1767851674.178321123 7.993849610 -1.813441147 0.471420737 -0.012545171 0.014975068 0.946531902 0.322018205
1767851674.780294895 7.573258745 -1.465125038 0.446870415 -0.008363479 0.013265237 0.927387555 0.373773205
1767851675.380283833 7.181522011 -1.081003613 0.451849315 -0.013001033 0.009306848 0.903961605 0.427314606
1767851675.980464697 6.858928665 -0.630798887 0.444575756 -0.009466494 0.012557168 0.880606481 0.473587298
1767851676.578305483 6.560917352 -0.196408194 0.441109402 -0.011291309 0.009599503 0.837442156 0.546324987
1767851677.178447962 6.371534678 0.293763127 0.430023439 -0.007894951 0.010271115 0.807020864 0.590380808
1767851677.780318260 6.222503688 0.818966499 0.414613911 -0.006509233 0.005406656 0.795933405 0.605325047
1767851678.480253220 6.074243410 1.372311015 0.431469591 -0.005867601 0.004500555 0.823903115 0.566682427
1767851679.083966494 5.910486306 1.866964009 0.422574413 -0.010143366 0.005663453 0.879942573 0.474938002
1767851679.778153419 5.627606077 2.299896053 0.403820570 -0.011192814 0.002313938 0.937460823 0.347903106
1767851680.480392694 5.224391685 2.595135146 0.370369205 -0.015882610 -0.007304712 0.958106505 0.285878137
1767851681.181257963 4.742813128 2.847506266 0.372588285 -0.012297385 -0.011474534 0.960543029 0.277622402
1767851681.980370760 4.272550420 3.156290607 0.355725484 -0.013443647 -0.006523344 0.960307476 0.278543113
1767851682.680537462 3.839915002 3.440602258 0.346847373 -0.011811057 -0.001102715 0.972917606 0.230847602
1767851683.380097628 3.388987548 3.678097482 0.314742973 -0.008148546 -0.000407561 0.989469301 0.144512760
1767851684.180115461 2.823286165 3.808969752 0.281945341 -0.005935502 -0.010696511 0.999562256 0.026937900
1767851684.880104780 2.258416780 3.828888162 0.259659342 -0.002153007 -0.005737199 0.999191886 -0.039724348
1767851685.578476429 1.719627670 3.764004714 0.272717220 -0.008179938 -0.005826678 0.999175378 -0.039340854
1767851686.280205488 1.223870632 3.692412193 0.272923724 -0.003490917 -0.011659443 0.999788891 0.016554307
1767851687.079916954 0.696647120 3.703724762 0.264988411 -0.010182255 -0.008016891 0.999552781 0.026949747
1767851687.780016422 0.184012257 3.748054985 0.249660296 -0.008674551 -0.002555205 0.999688881 0.023245758
1767851688.480830669 -0.346511376 3.755196720 0.245684070 -0.004054808 -0.012230802 0.999908028 0.004231051
1767851689.180417776 -0.887071049 3.748353235 0.230050485 -0.007196773 -0.014549888 0.999867619 0.001118890
1767851689.881003857 -1.390181252 3.759379767 0.242782736 -0.006050050 -0.000193985 0.999923943 0.010745626
1767851690.581162691 -1.889986710 3.763090830 0.220600835 -0.002489441 -0.007644585 0.999897689 0.011831102
1767851691.380290985 -2.406403391 3.754807649 0.204138839 -0.005638989 -0.018788371 0.999788437 0.006187085
1767851692.280386686 -2.910484846 3.773985858 0.207216121 -0.006105787 -0.011255793 0.999867732 0.010027185
1767851697.180130959 -3.430530429 3.760782709 0.183673984 -0.002191621 -0.011754431 0.999857537 0.011913647
1767851698.581097841 -3.950328277 3.761142355 0.188259436 -0.002381169 -0.014674114 0.999840790 -0.009868912
1767851699.880362272 -4.487269625 3.744196325 0.188374287 -0.003821180 -0.007553502 0.997325787 -0.072592140
1767851701.082597971 -5.007261526 3.643085118 0.185030023 -0.002146460 -0.008654448 0.998250734 -0.058446264
1767851702.180513382 -5.532355376 3.577868393 0.185119099 -0.002837870 -0.012194435 0.998866118 -0.045931697
1767851703.280485153 -6.054683576 3.526040245 0.186837182 -0.008293629 -0.008876065 0.999834830 0.013518272
1767851704.180474520 -6.602789908 3.551429820 0.172832530 -0.005522104 -0.001477093 0.999692634 0.024123881
1767851705.080354929 -7.141761741 3.580615696 0.181401287 -0.009619080 -0.005360452 0.999025176 0.042748527
1767851705.880204678 -7.674712343 3.611707207 0.185653565 -0.004574239 -0.005619056 0.998627826 0.051864905
1767851706.581179619 -8.190159016 3.650614426 0.164627567 -0.008956501 -0.010605529 0.996951729 0.076776002
1767851707.380296707 -8.725931770 3.735589167 0.160704941 -0.005509413 -0.006586440 0.994872227 0.100774587
1767851708.080568790 -9.246650003 3.831326625 0.145467373 -0.006371552 -0.013059685 0.996159791 0.086339554
1767851708.781003237 -9.757847687 3.940018874 0.142617169 -0.004256194 -0.019899677 0.999109113 0.036971172
1767851709.578706980 -10.327057694 3.968168208 0.130863395 0.000384030 -0.021147268 0.999694651 0.012776982
1767851710.280324221 -10.838914912 3.984781172 0.122668111 0.000152645 -0.020282326 0.999775130 0.006188162
1767851711.080415964 -11.370412505 3.984751332 0.116950981 -0.005366058 -0.025681539 0.999290566 -0.027019045
1767851711.780719042 -11.881660208 3.966195361 0.116570881 -0.006344525 -0.020129721 0.998274556 -0.054794642
1767851712.581037045 -12.434046308 3.862780257 0.115269589 -0.005603882 -0.038179048 0.995480436 -0.086773606
1767851713.480701923 -12.924246685 3.712736070 0.113674925 -0.003035714 -0.042661159 0.998994127 0.013473816
1767851714.380419254 -13.446126026 3.787080753 0.109591358 -0.004500544 -0.014266604 0.999460112 0.029252252
1767851719.678683281 -13.955737521 3.791906508 0.097926455 -0.014814185 -0.023845240 0.999085209 0.032259725
1767851721.480706930 -14.460190975 3.820171621 0.113214360 -0.024803369 -0.023883141 0.998888355 0.032193843
1767851723.680673122 -14.974746273 3.838996964 0.111688221 -0.011585464 -0.031501578 0.998186036 -0.049980646
1767851724.781236172 -15.314944749 3.822026657 0.106172966 0.035185811 -0.020921951 0.983473940 -0.176361104
1767851725.180534363 -15.370401699 3.757456809 0.108772328 0.076202446 -0.026245894 0.996683580 -0.011233087
1767851726.380860567 -15.670177861 3.808985684 0.125113142 0.166193787 -0.010598621 0.982189088 -0.087016602
1767851727.881208420 -16.126693794 3.713776261 0.311276018 0.235468517 0.005894694 0.966448661 -0.102453970
1767851728.980640888 -16.354527329 3.615008395 0.474845160 0.256515333 -0.034255656 0.965804566 0.015747202
1767851730.680418015 -16.803957022 3.657864664 0.705874401 0.234855976 -0.038618424 0.967145008 0.089341045
1767851731.680497169 -17.096562905 3.732339338 0.911913074 0.244756160 -0.017501361 0.968712734 -0.037198969
1767851733.378704309 -17.525570483 3.686586860 1.176627317 0.256478629 -0.010881437 0.964370294 -0.063955010
1767851734.880571365 -17.996795236 3.620198139 1.424021559 0.263708759 -0.018202148 0.962302820 -0.064028552
1767851735.278428555 -18.086736456 3.546239794 1.486116979 0.250550560 -0.053152314 0.963726710 0.075033835
1767851736.680943251 -18.508343602 3.628349165 1.756238728 0.236169013 -0.040327705 0.964350878 0.112362174
1767851737.380907297 -18.751933132 3.700823088 1.903900854 0.244407558 -0.016123143 0.969479414 -0.010707743
1767851739.280920982 -19.216737949 3.679138628 2.126291642 0.248538060 0.008274797 0.965427325 -0.078169302
1767851742.980789185 -19.590154315 3.584122992 2.331576944 0.139842603 -0.027176959 0.988595542 -0.048829441
1767851744.480976582 -19.858359255 3.539215345 2.465677861 -0.005907599 -0.039027311 0.999212069 -0.004148544
1767851748.680932283 -20.152909842 3.569081984 2.470257381 -0.003234827 -0.039993309 0.985125230 0.167087858
1767851749.180776119 -20.277742127 3.539445569 2.457552866 0.002843214 -0.037201046 0.933085517 0.357714155
1767851749.680945635 -20.415480636 3.561417140 2.447350983 -0.001396895 -0.030074253 0.846289080 0.531872523
1767851750.080899000 -20.495490260 3.606105187 2.453425182 0.010016973 -0.012457926 0.753177412 0.657623180
1767851750.579043388 -20.578591417 3.588905731 2.474725340 0.017810367 -0.009401264 0.615222289 0.788096404
1767851753.581158638 -20.414346081 4.062469915 2.498121926 0.004271443 0.000709648 0.715240216 0.698865284
1767851755.377971411 -20.434155722 4.572530885 2.523903737 0.002558384 -0.004504535 0.713351385 0.700787389
1767851756.581345797 -20.466931191 4.854188794 2.521511248 0.011990011 -0.001989832 0.583474533 0.812040485
1767851756.978920460 -20.557989354 4.879875804 2.524991296 0.016636255 -0.002088110 0.437576083 0.899025053
1767851757.481143236 -20.627273714 4.922955388 2.536442933 0.021865264 0.002524894 0.249939639 0.968011215
1767851759.581245184 -20.344337218 5.014519703 2.538589116 0.024465463 0.014748404 0.061914241 0.997672568
1767851761.778992653 -19.837020942 5.076532854 2.554555392 0.019533989 -0.029153689 -0.038089611 0.998657933
1767851762.981278658 -19.398909082 5.053749037 2.638234079 0.015488845 -0.203657063 -0.042654273 0.977990035
1767851764.480882883 -19.016688701 5.005254478 2.816975044 0.038809971 -0.256872904 0.046620780 0.964539579
1767851766.381244898 -18.580996303 4.991996808 3.076924385 0.035879131 -0.244472530 0.033829340 0.968401490
1767851767.781032324 -18.153571490 5.010982172 3.341063666 0.038098558 -0.244428710 0.033884632 0.968325842
1767851769.381102324 -17.719058364 5.057044133 3.599652571 0.035030410 -0.265063934 0.035564276 0.962937778
1767851770.877046347 -17.280623999 5.097687386 3.851220244 0.030485256 -0.254251759 0.037339833 0.965936038
1767851772.481065273 -16.830559110 5.116487649 4.126782286 0.022276827 -0.255086291 0.028105946 0.966252960
1767851773.880940676 -16.396110009 5.122223400 4.382903160 0.037599140 -0.225375742 0.041246496 0.972671993
1767851775.781135321 -15.906813492 5.162626561 4.600405355 0.024728896 -0.044412018 0.044654799 0.997708376
1767851776.780913353 -15.610275690 5.229701272 4.659070999 0.015083060 0.016450141 -0.087942268 0.995875520
1767851778.081278563 -15.236326973 5.064328049 4.646544877 0.013658160 0.000573219 0.073930131 0.997169726
1767851798.481135368 -14.722376588 5.143691129 4.641278476 0.012953390 0.006623958 -0.034384666 0.999302771
1767851799.579501629 -14.214929814 5.105174491 4.657562270 0.013667195 0.024838886 -0.131732821 0.990879761
1767851800.579522133 -13.717735433 4.964370615 4.669784390 0.011761690 0.021725259 -0.132518668 0.990872584
1767851801.680544853 -13.238344044 4.796679340 4.649697234 0.012720954 0.013542220 0.013751669 0.999732803
1767851802.780854225 -12.711184760 4.863873875 4.665718617 0.011505956 0.020776687 0.013803339 0.999622634
1767851803.781129837 -12.193615543 4.905036511 4.691906199 0.007800536 0.021483121 -0.125322935 0.991852705
1767851804.978827000 -11.687135292 4.764249392 4.682908282 0.013689341 0.012360784 -0.121836690 0.992378775
1767851806.081054688 -11.180137374 4.640284012 4.684583345 0.011070150 0.025161807 -0.074319748 0.996855511
1767851807.081199646 -10.682136641 4.561512133 4.653821455 0.012827670 0.022144997 0.012778505 0.999590796
1767851808.185791492 -10.178787425 4.597225432 4.658400707 0.012114866 0.015834621 0.011708862 0.999732663
1767851809.281136274 -9.668363041 4.658577732 4.669381321 0.004208515 0.016293384 -0.038058444 0.999133809
1767851810.379092693 -9.147548957 4.628378715 4.671201444 0.003946463 0.021002822 -0.042331837 0.998875028
1767851811.579198837 -8.620549435 4.585669410 4.657192272 0.005111802 0.011419605 -0.037939150 0.999201723
1767851812.681219816 -8.106602880 4.547250643 4.672288944 0.004965027 0.022352101 -0.039914840 0.998940708
1767851813.684490919 -7.597401051 4.490422394 4.669015800 0.013003065 0.018493837 -0.042030464 0.998860520
1767851814.881166220 -7.072293255 4.479806335 4.659428995 0.008363034 0.008554387 -0.043239525 0.998993106
1767851815.981151104 -6.564653540 4.444000104 4.676143800 0.015310046 0.020011247 -0.041692249 0.998812750
1767851817.085838795 -6.036694805 4.422360450 4.679289642 0.007198129 0.016942428 -0.039501688 0.999049928
1767851822.981204748 -5.505706439 4.401562652 4.641129381 0.002693729 0.003760605 -0.034954137 0.999378212
1767851823.681114197 -5.002318098 4.365128674 4.661983600 0.004417832 -0.000629608 -0.039475955 0.999210556
1767851824.379891396 -4.486496468 4.317554283 4.660975844 0.006344856 -0.008180619 -0.043704112 0.998990876
1767851825.081232071 -3.918778788 4.289458139 4.667246703 0.002694855 0.000572429 -0.046237253 0.998926687
1767851825.881196499 -3.415872243 4.267802704 4.672241023 -0.003310133 -0.008114780 -0.035973874 0.999314302
1767851826.481129408 -2.871634155 4.204399480 4.670095979 0.012700342 -0.003459329 -0.033893773 0.999338755
1767851826.981242418 -2.370997964 4.144218579 4.694511380 0.009033905 -0.000649118 -0.041406051 0.999101349
1767851827.579784155 -1.799642114 4.133115442 4.689420003 0.001067460 -0.000890971 -0.038005376 0.999276567
1767851828.179670334 -1.293311535 4.119225086 4.695530059 -0.011254781 -0.002184035 -0.035347804 0.999309308
1767851828.879017115 -0.720539475 4.070267034 4.703385763 -0.006441980 -0.009909980 -0.028535716 0.999522889
1767851829.579820633 -0.146529441 4.018875490 4.686362860 0.000432752 -0.003890152 -0.024516764 0.999691756
1767851830.181112766 0.409822809 4.005075480 4.708902933 -0.004783608 -0.004659876 -0.017545793 0.999823758
1767851830.781153917 0.968639152 3.990468723 4.718855660 -0.003759403 -0.005522374 -0.010180428 0.999925862
1767851831.381186724 1.537752926 3.987389093 4.732742720 -0.007603714 -0.005437642 -0.001699155 0.999954863
1767851831.981211901 2.089076801 3.979577639 4.733265538 -0.005287214 -0.007502154 0.000691198 0.999957642
1767851832.579365253 2.638673668 3.985470007 4.740807181 -0.010008225 -0.005449383 0.001203681 0.999934343
1767851833.179818630 3.216371327 3.976033612 4.749681190 -0.006122800 -0.003519302 0.002129854 0.999972794
1767851833.779745579 3.806018727 3.976641954 4.768118215 -0.007663546 -0.003522387 -0.001287185 0.999963602
1767851834.381108761 4.342159835 3.983043083 4.780013200 -0.009596121 -0.004442952 0.000427371 0.999943994
1767851834.981149673 4.855641245 3.991131051 4.781618233 -0.010346898 -0.004399631 0.001360095 0.999935865
1767851835.579746246 5.411930635 4.002447971 4.782753785 -0.014330728 -0.003596879 0.002263635 0.999888278
1767851836.178691864 5.954159461 3.985659470 4.787207395 -0.007517448 -0.005388832 0.004762744 0.999945881
1767851836.781314850 6.526902230 4.002711633 4.800603284 -0.011595840 -0.005563557 0.000443217 0.999917190
1767851837.380933762 7.126963451 4.001629485 4.816566468 -0.011293362 -0.005705797 0.000994240 0.999919454
1767851837.979996920 7.690483305 4.003751190 4.831680319 -0.011034324 -0.005709073 0.003491308 0.999916727
1767851838.679898739 8.274155470 4.003714924 4.826082302 -0.011334880 -0.006958996 -0.000482137 0.999911426
1767851839.181419611 8.787229349 3.997764659 4.833233801 -0.010204021 -0.006216784 0.005632817 0.999912747
1767851839.681439400 9.327287902 4.002396849 4.857624864 -0.009222939 -0.011859938 0.003823506 0.999879823
1767851840.181291580 9.853554432 4.010670007 4.876703220 -0.011952721 -0.007495120 0.002445364 0.999897483
1767851840.681290865 10.405397703 4.027220016 4.890720158 -0.020613363 -0.008924916 -0.005386119 0.999733177
1767851841.180031776 10.912181972 4.034190942 4.903614060 -0.020679169 -0.013414680 -0.005254928 0.999682352
1767851841.777816296 11.492535093 4.027551388 4.902759670 -0.017180774 -0.008894832 -0.004352356 0.999803361
1767851842.381422997 12.074561948 4.018882158 4.915297715 -0.010589959 -0.011269569 -0.004695220 0.999869394
1767851842.882068634 12.586743985 4.025669731 4.919853876 -0.012323764 -0.007804899 -0.002318876 0.999890910
1767851843.379756927 13.114909376 4.056901896 4.931176407 -0.024871291 -0.007445485 0.002691347 0.999659312
1767851843.879662991 13.650398317 4.063951464 4.947783580 -0.023381610 -0.010266902 0.008316701 0.999639297
1767851844.379946232 14.165428817 4.053963050 4.960779432 -0.024040379 -0.003480080 0.004301372 0.999695677
1767851844.881158113 14.692413234 4.063334322 4.961230860 -0.022561623 -0.007463413 -0.004002770 0.999709582
1767851845.481133461 15.301331235 4.084259592 4.971529770 -0.026849584 -0.008806501 -0.003952529 0.999592879
1767851845.979477406 15.865929404 4.085123485 4.980166085 -0.026380304 -0.016159647 -0.001448162 0.999520309
1767851846.479696989 16.427662833 4.080970711 5.008869807 -0.014781681 -0.007821361 0.002596553 0.999856783
1767851846.981268644 16.986672565 4.067940203 5.017841490 -0.006852677 -0.009982145 0.003543753 0.999920417
1767851847.481131077 17.506399983 4.091561126 5.041767998 -0.015156582 -0.013988342 0.007474909 0.999759336
1767851847.981213093 18.037589797 4.133784153 5.042827636 -0.026436596 -0.007656174 0.005910709 0.999603698
1767851848.477454424 18.566211897 4.141359272 5.047094105 -0.024438845 -0.010411476 0.000365586 0.999647043
1767851848.985765457 19.106715137 4.129216023 5.059028487 -0.018466989 -0.015511903 -0.000471535 0.999709022
1767851849.481412888 19.672074528 4.106037725 5.061110602 -0.016633737 -0.008559610 0.001995331 0.999823020
1767851849.981977940 20.194264660 4.153678855 5.085937133 -0.022276278 -0.009651158 0.004791263 0.999693786
1767851850.579983950 20.787119322 4.180462335 5.100316833 -0.024197099 -0.010111534 0.006149024 0.999637158
1767851852.877827406 20.783913763 4.248372510 5.075454426 -0.011322936 -0.019146011 -0.160736449 0.986746683
1767851853.681241751 20.764534176 4.299005914 5.072025015 -0.003481264 -0.018777405 -0.334436039 0.942224934
1767851854.481215000 20.793667485 4.381604097 5.065496753 -0.000319051 -0.019353085 -0.509009820 0.860543061
1767851855.281190395 20.909431212 4.439679916 5.069749400 0.001347580 -0.024547065 -0.647566447 0.761612317
1767851856.079907656 21.038686331 4.408543244 5.049590166 -0.002556071 -0.035228765 -0.777435171 0.627970505
1767851856.781189203 21.108881880 4.397708011 5.053541634 0.004892821 0.037616416 0.870343720 -0.490981541
1767851857.579818726 21.071141857 4.183584930 5.068003712 -0.002285724 0.029162250 0.941609150 -0.335434863
1767851858.381129026 20.845394083 3.955967844 5.077962702 -0.017873466 0.027458995 0.987607002 -0.153489261
1767851859.181174040 20.464229424 3.817050895 5.077146836 -0.009209978 0.017271349 0.999406395 0.028350201
1767851860.081160069 19.956031781 3.838395915 5.081757561 -0.007461019 0.014024796 0.983750975 0.178834165
1767851861.181050062 19.455695587 4.056896166 5.070650692 -0.010210916 0.012663119 0.984534871 0.174431849
1767851862.281169653 18.944953168 4.234999834 5.039531648 -0.011064698 0.009395190 0.999173434 0.037970395
1767851862.979872227 18.438686563 4.201008027 5.030976473 -0.010745913 -0.000561553 0.999929440 0.005032377
1767851863.579968929 17.886579699 4.213003172 5.037825793 -0.008357349 0.006869287 0.999941274 -0.000644939
1767851864.177918673 17.368200233 4.247565831 5.023442735 -0.012103727 0.016683692 0.999786002 0.001761966
1767851864.781144381 16.864702328 4.229398598 5.007746399 -0.010848479 0.008096981 0.999903763 0.003035613
1767851865.479673862 16.322284345 4.220648716 4.993965506 -0.007711946 0.007775726 0.999126983 -0.040315464
1767851866.081395626 15.798818349 4.179435267 4.987871839 -0.006992222 0.012847141 0.998143114 -0.059130223
1767851866.679665565 15.290429464 4.119474660 4.985365182 -0.009203868 0.013427003 0.998187041 -0.057945113
1767851867.281281948 14.756778628 4.047194791 4.966784604 -0.006519572 0.007229069 0.998271123 -0.057965511
1767851867.881363153 14.225551892 3.985177918 4.958566147 -0.004744805 0.004815966 0.998142516 -0.060545949
1767851868.481349468 13.700267292 3.931735264 4.951101848 -0.005189875 0.006758604 0.998181320 -0.059677791
1767851869.079386234 13.174391053 3.864763303 4.937686945 -0.007360367 0.007357692 0.998544627 -0.052918026
1767851869.678937674 12.627337359 3.783437041 4.937353158 -0.005882262 0.003088232 0.999078300 -0.042407684
1767851870.280204773 12.048597990 3.728979643 4.926143462 -0.006009686 0.005699391 0.999445100 -0.032262864
1767851870.881139755 11.502135665 3.726029296 4.918091795 -0.002296536 0.007620569 0.999806095 -0.018011833
1767851871.481167078 10.906488683 3.702535170 4.907869229 -0.004372110 0.010078229 0.999900943 -0.008798727
1767851872.081170797 10.298206726 3.698170742 4.882851372 -0.005076282 0.009685951 0.999910409 -0.007719301
1767851872.580067873 9.740552008 3.695593691 4.879173880 -0.011405400 0.009627748 0.999877071 -0.004802771
1767851873.080101967 9.208247354 3.699685602 4.867636412 -0.009685664 0.015166645 0.999834828 0.002545003
1767851873.579109907 8.662455630 3.697944816 4.869126546 -0.003389534 0.011021530 0.999908269 0.007105635
1767851874.081181526 8.120274381 3.675491339 4.865988172 -0.009564813 0.009415196 0.999901522 0.004100487
1767851874.578162909 7.599693038 3.671985242 4.847822384 -0.006421691 0.009295024 0.999935522 -0.001146932
1767851875.080187798 7.090834878 3.661956116 4.840669773 -0.003388236 0.006283966 0.999971525 -0.002445634
1767851875.680222511 6.537575693 3.667726195 4.824642861 -0.004223124 0.009272880 0.999925565 -0.006711509
1767851876.181235790 6.020615641 3.662702907 4.829983628 -0.008210076 0.004494881 0.999955335 -0.001310988
1767851876.780395985 5.421623708 3.648085442 4.821122703 -0.006581037 0.003692157 0.999969871 -0.001820624
1767851877.380062819 4.831868554 3.660360903 4.809670964 -0.007832897 0.004307535 0.999956738 -0.002571475
1767851877.979590893 4.240133622 3.662097433 4.784769112 -0.008320196 0.006644622 0.999943199 -0.000471445
1767851878.480225801 3.713070753 3.676753600 4.777681714 -0.007220612 0.004633201 0.999937811 0.007125295
1767851878.980244875 3.192877555 3.661492693 4.775692106 -0.001812114 0.003808774 0.999953294 0.008695965
1767851879.480027199 2.677678412 3.658201657 4.768805549 -0.010025700 0.008137412 0.999909685 0.003726829
1767851879.979387999 2.122770421 3.672048085 4.761394206 -0.009139591 0.007194545 0.999930807 -0.001757107
1767851880.481334448 1.598354370 3.649687608 4.760182221 -0.003488409 0.006706499 0.999966862 -0.003021430
1767851880.979310036 1.077921301 3.646320284 4.748700666 -0.009328963 0.002264576 0.999953903 0.000186033
1767851881.481336117 0.560311508 3.648548912 4.734298343 -0.008679751 0.002838756 0.999933389 0.007058359
1767851887.077626944 0.023115577 3.710670083 4.653700386 -0.033675980 -0.010604056 0.999357986 0.006090862
1767851888.079143524 -0.554591846 3.737525118 4.635809233 -0.017513996 0.022170542 0.999413386 0.019354871
1767851888.680312395 -1.080940104 3.745195179 4.651012865 -0.003534791 -0.013168947 0.999523812 0.027680923
1767851889.280465364 -1.634354631 3.773710215 4.635131206 0.000876576 0.018866599 0.999674105 0.017174627
1767851889.874358416 -2.196752573 3.788491175 4.618537753 -0.003485880 0.002713754 0.999567213 0.029083848
1767851890.477749586 -2.748458171 3.836577861 4.621139557 -0.004059687 -0.005416306 0.999326501 0.036065588
1767851891.080259562 -3.321984787 3.856990911 4.618849108 -0.003621024 0.008767490 0.999685588 0.023210862
1767851891.680333376 -3.864695024 3.891698982 4.607558517 0.000242885 -0.008337972 0.999405687 0.033446860
1767851892.280265331 -4.420692146 3.929130862 4.595645530 -0.007113453 -0.003194419 0.999220258 0.038704911
1767851892.880253553 -4.965178682 3.953080745 4.611187026 -0.002675190 0.000209426 0.999654651 0.026141504
1767851893.480314016 -5.522828287 3.985957193 4.600704858 0.000963755 -0.008494200 0.999256512 0.037594453
1767851894.085902691 -6.059208032 4.035547611 4.588216429 0.006462079 0.002221437 0.999294389 0.036932778
1767851894.680302620 -6.593395832 4.050086859 4.602192991 -0.003975688 0.000689663 0.999565836 0.029186619
1767851895.280243158 -7.139658482 4.095819347 4.602851854 -0.000868096 -0.002736582 0.999134861 0.041488388
1767851895.880192280 -7.694448159 4.139112541 4.598142460 0.011512635 0.012328309 0.999821958 -0.008457168
1767851896.480284691 -8.242156248 4.093613237 4.582562392 0.003257155 -0.017277248 0.998885773 -0.043796116
1767851897.080306768 -8.769868396 4.042414199 4.595298895 0.003136875 -0.006004647 0.999470925 -0.031811543
1767851897.680322886 -9.310688952 3.991466297 4.591606714 0.003710399 0.010623165 0.999138100 -0.039955456
1767851898.280362606 -9.865936297 3.934385079 4.579078957 0.002728835 -0.007288240 0.999286690 -0.036953298
1767851898.880630493 -10.408192727 3.914602232 4.579971519 0.001134746 -0.005859436 0.999592924 -0.027899218
1767851899.480299473 -10.958456103 3.861278948 4.595356132 0.001060697 0.001592418 0.999100680 -0.042357641
1767851900.080261707 -11.493427871 3.821183442 4.585458237 0.005199157 -0.014453538 0.999422657 -0.030305389
1767851900.680427313 -12.048121131 3.804167700 4.569792650 -0.001381560 -0.009146041 0.999605954 -0.026502410
1767851901.279966831 -12.587031885 3.752724288 4.587393685 -0.002784884 -0.009919779 0.999271310 -0.036751742
1767851901.880331993 -13.129806528 3.707465578 4.588213804 -0.002060639 -0.013398761 0.999642532 -0.023044198
1767851902.480383396 -13.682244557 3.683020224 4.575778771 0.008126278 -0.000696389 0.999604295 -0.026920855
1767851903.180217981 -14.206607569 3.647561566 4.573757054 -0.009748951 -0.009931598 0.999383610 -0.032229197
1767851914.580683708 -14.713981239 3.573832825 4.625347410 -0.021655742 -0.019289820 0.999235700 -0.026209686
1767851917.980521202 -15.228491443 3.556222077 4.599653238 -0.010971582 -0.010231156 0.993240978 -0.115096950
1767851918.880616665 -15.686049787 3.443476784 4.674424032 0.166268045 -0.006672649 0.980646528 -0.103163946
1767851920.080408573 -16.167942115 3.336936421 4.845751340 0.249416054 0.013330647 0.963066174 -0.100585636
1767851920.480447292 -16.314560325 3.305197553 4.917163628 0.262791688 -0.022972730 0.964500360 0.012322279
1767851921.680589199 -16.782836609 3.348050724 5.183152533 0.263656956 -0.023101166 0.962596309 0.057962845
1767851922.879792690 -17.192227728 3.402568774 5.473019228 0.290171631 -0.024044405 0.955269881 0.051785577
1767851924.080471754 -17.620238125 3.447661720 5.759516957 0.256670118 -0.016687694 0.964994499 0.051260011
1767851925.380764961 -18.041010703 3.465770325 6.041519070 0.251911874 -0.036246250 0.964849342 0.065516134
1767851927.080497026 -18.494950280 3.551041686 6.277929973 0.272759578 -0.024392078 0.960209975 0.054809149
1767851928.685814619 -18.919862067 3.538745462 6.590349727 0.259937907 -0.005070584 0.964386126 -0.048641273
1767851930.580645323 -19.368013953 3.461410481 6.859979478 0.260942796 -0.004912954 0.964302958 -0.044771932
1767851931.980553150 -19.712720483 3.416842631 7.025884822 0.088032933 -0.021917658 0.995293795 -0.034059969
1767851933.280630827 -19.887168174 3.380680961 7.062527635 0.002495752 -0.024299318 0.997892444 0.060116429
1767851934.379874945 -20.216345931 3.406774921 7.081159420 -0.012894857 -0.027784506 0.968730945 0.246215557
1767851934.878602266 -20.300618365 3.333329444 7.072242314 -0.004275524 -0.013518659 0.906462163 0.422048947
1767851935.380603313 -20.363193719 3.285538910 7.051593016 0.003691078 -0.011632913 0.810403202 0.585745424
1767851935.778672457 -20.404234339 3.275101325 7.053059465 0.006149238 0.000780410 0.705203240 0.708978115
1767851938.080744743 -20.421310627 3.794087357 7.071276278 -0.009781402 -0.003904941 0.704766811 0.709360851
1767851939.880806446 -20.393657279 4.304154133 7.074444185 -0.006118765 -0.016516586 0.704803996 0.709183396
1767851941.680731058 -20.428404063 4.811612934 7.121969784 -0.014549370 -0.004950736 0.704908707 0.709131526
1767851942.380625725 -20.461712946 4.913849826 7.117368414 0.002747712 -0.005712451 0.544081718 0.839008285
1767851942.880796432 -20.568450340 4.917464929 7.102715503 0.018955525 -0.006049173 0.371371845 0.928270999
1767851943.380865574 -20.597686306 4.982974298 7.125683050 0.024523417 -0.002486241 0.179701275 0.983412361
1767851943.878643036 -20.606467369 5.066864131 7.131899721 0.028010098 -0.003176032 -0.001879821 0.999600827
1767851946.380321980 -20.101667948 5.050658367 7.120386913 0.014240162 0.013573759 -0.012445472 0.999729004
1767851947.580343008 -19.598570638 5.040969251 7.214350150 0.019267748 -0.096741537 -0.019047345 0.994940716
1767851948.680056810 -19.086479576 5.023497882 7.340706109 0.021518191 -0.251285099 -0.010698484 0.967614752
1767851950.178883314 -18.655317282 5.008361824 7.622812195 0.028942480 -0.265324729 -0.016821838 0.963577785
1767851951.480794668 -18.185203171 4.992317496 7.903816282 0.019827611 -0.268451122 -0.010005269 0.963037256
1767851952.780771494 -17.743523896 4.977638542 8.180189493 0.019635170 -0.266914392 -0.007003829 0.963494740
1767851953.880903721 -17.278509293 4.974646584 8.442176987 0.022403182 -0.267873011 -0.012139310 0.963117223
1767851954.880775452 -16.851376515 4.977145245 8.727105145 0.011444832 -0.253592230 -0.026019413 0.966893472
1767851956.080975294 -16.398358359 4.983617530 9.000887841 0.011975673 -0.246226966 -0.028866264 0.968708214
1767851957.380516052 -15.919139944 4.970689294 9.210718163 0.016963872 -0.095306258 -0.015915424 0.995176187
1767851958.480981350 -15.421792012 4.972811963 9.315962448 0.007128099 0.028335147 -0.013126185 0.999486875
1767851959.678843737 -14.883229656 4.955228105 9.312060017 0.008383469 0.018298268 -0.011432353 0.999732060
1767851971.981004715 -14.712402722 5.002405289 9.263156955 0.016599070 -0.002240487 -0.175859454 0.984272779
1767851972.380927086 -14.680601960 5.079607245 9.258523581 0.016955249 -0.001908622 -0.346651705 0.937838724
1767851972.880916119 -14.627073494 5.117017320 9.273382328 0.015417908 0.005881024 -0.520217624 0.853874303
1767851973.381056786 -14.529683748 5.129748516 9.272051574 0.013863264 0.004178148 -0.676700179 0.736116309
1767851974.581168175 -14.477459193 5.111880388 9.286850823 0.011268787 0.002629945 -0.796853832 0.604061312
1767851975.781008005 -14.562575209 4.871261990 9.282309516 0.020718656 0.017182669 -0.683160286 0.729772236
1767851976.881061792 -14.530025924 4.357881239 9.268890740 0.026249068 0.022510953 -0.682502885 0.730064419
1767851977.480952024 -14.467628510 4.063475244 9.285646531 0.019436850 0.030724360 -0.806551919 0.590044257
1767851978.480679750 -14.624845108 3.568192472 9.281046442 0.035681072 0.017444248 -0.806114565 0.590425158
1767851979.681214094 -14.762426499 3.044480701 9.249731703 0.029533818 0.021285580 -0.713026627 0.700191193
1767851980.781045914 -14.729318230 2.497368078 9.228516390 0.017628668 0.026555534 -0.710965662 0.702503994
1767851981.881202936 -14.733310603 1.966760214 9.224236564 0.019273101 0.032331054 -0.710663561 0.702524415
1767851982.581321001 -14.668132052 1.640437382 9.207505586 0.007678995 0.026037270 -0.824964530 0.564532211
1767851983.481184721 -14.797506280 1.259172383 9.199825958 -0.012784968 -0.029513185 0.906707461 -0.420531922
1767851983.981007814 -14.896183054 1.017578502 9.219735719 -0.019271503 -0.023051497 0.969873145 -0.241750531
1767851984.381263256 -15.059185558 0.853749677 9.221572307 -0.008803577 -0.022686380 0.997131916 -0.071664273
1767851985.381161690 -15.571252954 0.817935213 9.230422951 -0.006266161 -0.012800655 0.997600870 0.067744984
1767851986.480761051 -16.079656658 0.911231036 9.232146392 -0.002467942 -0.005585286 0.997550384 0.069684613
1767851987.081320047 -16.360409248 0.989966859 9.212307130 -0.009325448 0.004613756 0.994542714 -0.103810113
1767851988.081125498 -16.855720625 0.916857200 9.238299139 -0.015649011 -0.008525866 0.992747893 -0.118886667
1767851989.281294823 -17.381441027 0.797522640 9.236743188 -0.011271662 -0.012375656 0.996685234 -0.079613675
1767851990.381609201 -17.901532270 0.730421423 9.245223048 -0.006171039 -0.017987379 0.998395979 0.053327676
1767851991.481219530 -18.445242069 0.782431069 9.269052869 -0.012858516 -0.023419860 0.998126969 0.055033823
1767851992.681133032 -18.987811937 0.825997906 9.272394470 -0.003348916 -0.022026947 0.998390723 0.052149435
1767851993.781092405 -19.496908023 0.884958780 9.289765760 -0.003120345 -0.022770555 0.998228549 0.054877400
1767851994.880859137 -20.033999497 0.952136650 9.288358957 -0.003743657 -0.014365000 0.998421600 0.054165868
1767851995.780934334 -20.389608552 0.911454634 9.293053588 0.003830745 -0.028357266 0.971780067 0.234146733
1767851996.281217813 -20.507938042 0.878797537 9.284748765 0.003877044 -0.020134402 0.907802487 0.418896429
1767851996.781404972 -20.586884302 0.853455449 9.274146974 0.013347782 -0.010728740 0.809282045 0.587170590
1767851997.280883789 -20.642996022 0.852488766 9.265615305 0.022026192 -0.004556430 0.678037820 0.734682789
1767851997.781265259 -20.716928243 0.877202900 9.275813073 0.029190601 0.009228950 0.523842173 0.851265008
1767851998.181357384 -20.760873587 0.929600608 9.287271122 0.027997778 0.009724142 0.366102229 0.930102534
1767851998.681134224 -20.789660546 0.976357852 9.288660285 0.025719587 0.015672586 0.178339114 0.983508024
1767851999.181368828 -20.782964114 1.032022593 9.289012093 0.021273895 0.016747441 -0.014273136 0.999531501
1767852000.681159258 -20.253982362 0.963726444 9.289865422 0.028711764 0.039410880 -0.083670205 0.995299811
1767852001.481326580 -19.823413119 0.866513132 9.275561504 0.029225631 0.021623161 0.098890157 0.994434029
1767852002.581182718 -19.334738240 0.972944255 9.271075263 0.021503859 0.026326879 0.087727613 0.995564335
1767852003.580864668 -18.869683212 1.161849188 9.253979166 0.001491335 0.023576780 0.028981210 0.999300756
1767852004.081339121 -18.637187836 1.284220472 9.289074860 0.000781019 0.029295295 -0.151373014 0.988042199
1767852005.080878258 -18.135664198 1.085802174 9.266263323 0.021715406 0.024636785 -0.153059248 0.987671168
1767852006.281459093 -17.634578754 0.940234910 9.248927968 0.023950561 0.025222158 -0.154403669 0.987395422
1767852007.381357908 -17.135467244 0.808652996 9.244752348 0.023099963 0.027898614 -0.136300459 0.990005174
1767852008.481384754 -16.637031659 0.702611000 9.229277602 0.016838005 0.021292997 -0.029891286 0.999184468
1767852009.581242085 -16.135596818 0.706280510 9.225386468 0.013423336 0.018497997 -0.027052974 0.999372691
1767852010.681208372 -15.619427243 0.683735940 9.226598402 0.008462964 0.029266091 -0.027321241 0.999162361
1767852011.881211042 -15.108281625 0.652193369 9.207103106 0.012929446 0.019980154 -0.026353632 0.999369356
