1767851531.680952311 -0.134129447 0.000785958 -0.059330502 -0.000037417 0.000997768 0.001033997 0.999998967
1767851581.479300976 -0.321808793 0.124113359 -0.088274074 -0.002177469 -0.000885857 -0.187201020 0.982318814
1767851582.279397011 -0.293694076 0.187081789 -0.089775066 -0.000497473 0.000485531 -0.353935816 0.935269456
1767851582.980836153 -0.234800887 0.254101141 -0.083053261 -0.007996468 0.006947636 -0.502439103 0.864547705
1767851583.779474735 -0.170549919 0.285791054 -0.084500697 -0.010568982 0.004408730 -0.657285539 0.753554630
1767851584.481094599 -0.151537504 -0.109983296 -0.082261150 0.006362105 -0.000633489 -0.773375206 0.633916330
1767851585.281427383 -0.075443035 -0.182516324 -0.075966834 0.006091506 0.002671993 0.872977632 -0.487714885
1767851586.078754425 -0.112339759 -0.351640344 -0.077244780 0.003881822 0.000043332 0.950151958 -0.311763029
1767851586.881443739 -0.300481288 -0.566660410 -0.078591555 0.006682022 -0.005067713 0.991324438 -0.131169841
1767851587.681752443 -0.662959099 -0.710352342 -0.080294463 0.005526436 -0.000313853 0.999256856 0.038145725
1767851588.881764650 -1.187705574 -0.593724219 -0.075313889 0.009165689 0.004963498 0.995728519 -0.091739139
1767851589.881209850 -1.674213307 -0.749441359 -0.066998435 0.006061234 -0.017512615 0.989025018 -0.146581321
1767851590.778878689 -2.194073622 -0.906797334 -0.058026105 0.003542042 -0.007180974 0.993152864 -0.116547313
1767851591.677541971 -2.705219082 -1.027708052 -0.056002333 0.002244049 -0.009383421 0.999792959 -0.017915204
1767851592.580818653 -3.233111761 -1.042484206 -0.044625298 0.001015431 0.002681389 0.998656771 0.051734255
1767851593.481225252 -3.776040635 -0.988733263 -0.026484527 0.003092675 -0.002793299 0.993628784 0.112625364
1767851594.480851173 -4.293010021 -0.833823861 -0.030070103 0.007463646 0.005043861 0.998847311 0.047147672
1767851595.481768608 -4.856211841 -0.817460972 -0.029337793 0.013425098 -0.005741822 0.999582925 0.024915324
1767851596.479390144 -5.405653582 -0.821058934 -0.003175924 0.006164963 -0.012839342 0.994044705 0.108038278
1767851597.479235411 -5.926021840 -0.667155676 0.007154518 0.008904703 0.000363703 0.984688261 0.174096534
1767851598.281322718 -6.399388855 -0.497144068 0.010971402 0.006294507 0.000078217 0.983739962 0.179488330
1767851599.181213140 -6.901887097 -0.299722711 0.020105497 0.007168943 0.002561302 0.992374823 0.123021363
1767851599.981177568 -7.392003665 -0.193495799 0.038076110 0.011850503 -0.004567155 0.993512916 0.113007929
1767851600.881224632 -7.905074175 -0.112033164 0.047375823 0.013766874 -0.008650578 0.989301867 0.144973989
1767851601.881284237 -8.397955473 0.036531443 0.053214570 0.009715633 -0.005947737 0.954101859 0.299265556
1767851602.781050444 -8.816038247 0.312659558 0.077809351 0.010881925 0.000111603 0.883175397 0.468916612
1767851603.580823898 -9.058653284 0.681584714 0.090170082 0.016519770 0.001013794 0.784552679 0.619841240
1767851604.479573488 -9.157995881 1.175413379 0.104629185 0.016742883 0.004095807 0.735269878 0.677555242
1767851605.377698421 -9.197409554 1.728120955 0.115891047 0.013323288 -0.004529526 0.724747890 0.688870431
1767851606.079194784 -9.228278073 2.278065259 0.131073514 0.014217099 0.002306393 0.727101865 0.686378491
1767851606.881182194 -9.289210299 2.783602980 0.160664267 0.009469773 -0.003061478 0.715433327 0.698610124
1767851608.180986643 -9.310196920 3.310006474 0.143211441 0.008892449 -0.001999461 0.587656849 0.809058931
1767851608.981083155 -9.240496062 3.563945400 0.136118412 0.010571980 -0.006379738 0.434757340 0.900462985
1767851609.781148195 -9.129777420 3.789555348 0.166976510 0.014786236 -0.003924941 0.273005006 0.961890965
1767851610.579017639 -9.101485573 3.868219561 0.173486251 0.021751607 -0.004517581 0.094470017 0.995279797
1767851611.281174660 -8.933452885 3.956136507 0.164305614 0.010736584 -0.004065072 -0.066971517 0.997688838
1767851612.081117392 -8.650492092 4.012525565 0.185461067 0.000853513 -0.006054943 -0.237549988 0.971356069
1767851613.681245327 -8.267845924 3.687092252 0.192530180 0.015440876 -0.003327782 -0.132730028 0.991026359
1767851615.677956104 -7.758638659 3.618216932 0.181979480 0.004010146 -0.001710714 -0.100504921 0.994927009
1767851617.280745983 -7.258364916 3.471650089 0.172076015 0.010118318 -0.003596024 0.019139952 0.999759146
1767851618.679573774 -6.736267969 3.515819069 0.169160984 -0.005273994 0.000943044 0.025733680 0.999654477
1767851619.581103086 -6.223689309 3.546342702 0.183763265 0.004419804 0.002314615 0.032514667 0.999458806
1767851620.681186914 -5.674626195 3.597000504 0.184897161 0.002399410 -0.000409971 0.035221425 0.999376569
1767851621.582043648 -5.176332654 3.619202486 0.177839529 0.006638193 -0.003195869 0.025590407 0.999645363
1767851622.479669333 -4.647574464 3.671544997 0.179929682 0.001131909 -0.001125010 0.032293829 0.999477144
1767851623.479591608 -4.098504897 3.716403122 0.183136628 -0.004434672 0.002169239 0.029270088 0.999559348
1767851624.281109810 -3.574696981 3.746186459 0.184387762 -0.004264604 -0.000741183 0.035271031 0.999368410
1767851625.181131363 -3.027377018 3.788238447 0.167769881 0.005504907 -0.005047004 0.027991618 0.999580258
1767851625.981269598 -2.485670416 3.806383484 0.187643523 0.006337922 -0.000377724 0.033512230 0.999418140
1767851626.879559755 -1.938059571 3.869096087 0.180705112 0.000749534 0.000714746 0.028297006 0.999599023
1767851627.681213379 -1.379535051 3.905926284 0.177727988 -0.006286482 0.000727444 0.029128909 0.999555630
1767851628.281203508 -0.864521603 3.935756475 0.184123805 0.002317286 0.002512672 0.024468948 0.999694747
1767851628.981066942 -0.312858605 3.991457773 0.194816815 -0.006296083 0.001512733 -0.007412338 0.999951563
1767851629.679686069 0.210312773 3.990980037 0.203212849 -0.003915650 -0.005657572 -0.035998031 0.999328175
1767851630.381223202 0.750039083 3.914519509 0.190640706 0.008685401 -0.000441232 -0.034608727 0.999363100
1767851631.080004454 1.266563315 3.873598285 0.200903527 0.010395746 -0.001207478 -0.030413911 0.999482598
1767851631.780294180 1.803503415 3.887800362 0.190987559 -0.003448547 -0.004666535 -0.028943655 0.999564203
1767851632.477815628 2.340981769 3.858986188 0.202152835 -0.001554652 0.004554356 -0.024304676 0.999693015
1767851633.481294870 2.879349135 3.837491089 0.216088843 0.001555195 0.000358160 -0.026710039 0.999641949
1767851634.581157923 3.399776065 3.823386383 0.200026587 -0.000763114 -0.002916105 -0.016949963 0.999851795
1767851635.281047344 3.921710752 3.811474687 0.200216064 -0.004144162 -0.004430758 -0.045361552 0.998952213
1767851636.181122780 4.460431073 3.756704146 0.230280118 0.000430951 -0.005464567 -0.073073757 0.997311475
1767851637.181326628 4.965681119 3.680804247 0.225244947 -0.000051989 -0.005038308 -0.041950015 0.999107006
1767851638.081493378 5.540803651 3.684267106 0.200644296 -0.011560740 -0.005222534 0.028674324 0.999508308
1767851638.782017469 6.099266542 3.706072820 0.221672149 -0.002804445 0.000396345 0.061810346 0.998083894
1767851639.479944229 6.669575329 3.780327050 0.233515809 -0.006866330 0.001866435 0.099616894 0.995000424
1767851640.181219816 7.207926042 3.937241598 0.230457859 -0.021984927 -0.004738172 0.100168432 0.994716290
1767851640.881132364 7.750839787 4.072331841 0.226817849 -0.022163160 0.001627427 0.067842269 0.997448531
1767851641.581154108 8.277990678 4.145549590 0.223654005 -0.012575338 -0.003505625 0.043627784 0.998962556
1767851642.179113388 8.853925897 4.180738765 0.236107462 -0.007633879 -0.003603498 0.041440253 0.999105322
1767851642.681074142 9.371334630 4.232608617 0.233911206 -0.010052471 -0.001021401 0.029775405 0.999505543
1767851643.180038452 9.874281388 4.278718500 0.250847944 -0.004642657 -0.007678447 0.012911243 0.999876386
1767851643.781156778 10.397654546 4.322303488 0.251257904 -0.004147378 -0.004597314 -0.028957461 0.999561469
1767851644.480032682 10.992282568 4.300417820 0.247907030 -0.010712415 -0.001696459 -0.073301689 0.997250835
1767851645.081068277 11.548233936 4.211810384 0.245648676 0.004923736 -0.001499760 -0.077381150 0.996988297
1767851645.681222916 12.080354462 4.101330823 0.264179570 0.014861052 -0.002729116 -0.078642024 0.996788409
1767851646.280128956 12.607593827 4.029808746 0.269085256 0.001949923 -0.000530638 -0.062578662 0.998037989
1767851646.881154776 13.132865325 3.987651264 0.272720169 -0.003708430 -0.001647462 -0.016463968 0.999856225
1767851647.481303930 13.637339923 3.978624128 0.267978713 -0.015155989 -0.003635089 0.017346417 0.999728055
1767851648.081193209 14.238336765 4.052701159 0.273290945 -0.026324825 -0.002587822 0.019956394 0.999450874
1767851648.581135511 14.770096724 4.074005968 0.288195615 -0.021231379 -0.009872085 0.020807866 0.999509281
1767851649.181177616 15.339729624 4.104997045 0.301290187 -0.013355024 -0.008115311 0.013948383 0.999780590
1767851649.781260252 15.874891635 4.087461123 0.310541466 -0.005141906 -0.005678467 0.007075894 0.999945622
1767851650.381180525 16.392899290 4.123299286 0.305243687 -0.010881422 -0.007649061 0.009326254 0.999868045
1767851650.981074810 16.926559041 4.157285927 0.309704454 -0.014008394 -0.009491140 0.013338891 0.999767852
1767851651.581001282 17.483626760 4.178278857 0.325578661 -0.013713425 -0.007927045 0.014169177 0.999774144
1767851652.181196451 18.025708285 4.191140257 0.329515743 -0.010056882 -0.009850799 0.014818115 0.999791100
1767851652.778074503 18.591705650 4.227143820 0.333537696 -0.010136350 -0.008192975 0.007105629 0.999889814
1767851653.479763508 19.136698089 4.276626908 0.350080337 -0.020499180 -0.008305050 -0.097577503 0.994982131
1767851654.181177139 19.656758816 4.136924152 0.356904989 -0.004369163 -0.008030045 -0.234458496 0.972083146
1767851654.880241156 20.133391956 3.835574198 0.363328463 0.011694330 -0.007054429 -0.367934554 0.929751387
1767851655.481240749 20.503074908 3.482007780 0.378038705 0.009049659 -0.011751193 -0.480537594 0.876848695
1767851656.181145191 20.817520355 3.004534077 0.380222707 0.015467690 -0.010445366 -0.616174694 0.787388336
1767851656.981111050 20.888429210 2.451731208 0.405877823 0.009633589 -0.017908494 -0.746640930 0.664916386
1767851657.681030989 20.876836809 1.938323679 0.394129813 0.009625311 -0.013802753 -0.838956972 0.543937530
1767851658.381239891 20.644171323 1.471927686 0.403102497 -0.009062688 0.014188512 0.909480621 -0.415405289
1767851658.979203701 20.285157555 1.115747218 0.414511936 -0.011033219 0.012067277 0.955113085 -0.295789864
1767851659.581299782 19.878950560 0.824325591 0.412384687 -0.010273539 0.009250165 0.984565939 -0.174467190
1767851660.179785013 19.387610080 0.667787135 0.408011066 -0.007921055 0.010100619 0.998008630 -0.061757657
1767851660.781196117 18.868553077 0.593171760 0.404690312 -0.008719066 0.011012067 0.999895668 0.003371351
1767851661.385771275 18.310872191 0.660429617 0.396638042 -0.009754420 0.023670589 0.999669436 0.002360614
1767851662.078182459 17.733078331 0.653143193 0.382689577 -0.005557717 0.018924636 0.998620389 -0.048665067
1767851662.681156635 17.182368375 0.602668580 0.382455009 -0.003361732 0.019181365 0.988624883 -0.149136229
1767851663.276186466 16.673384741 0.438053329 0.370809604 -0.004711002 0.012237737 0.981452913 -0.191254345
1767851663.879849911 16.197924924 0.227958518 0.357910506 -0.003924081 0.003309346 0.971871043 -0.235457693
1767851664.481184959 15.696634064 -0.040510589 0.358119364 -0.004007068 0.001235967 0.958597730 -0.284732873
1767851665.179360151 15.189533717 -0.339536409 0.351452288 -0.003982795 0.008463218 0.918999225 -0.394148367
1767851665.781106949 14.806974665 -0.781891185 0.341515974 -0.002758444 -0.011045305 0.919663520 -0.392542230
1767851666.381234407 14.489969699 -1.170745371 0.339823862 -0.002882679 -0.015228165 0.935367438 -0.353337725
1767851666.981178045 14.081286115 -1.505954982 0.335901877 -0.008632604 -0.006667510 0.945956505 -0.324110034
1767851667.580896378 13.612648278 -1.842423694 0.334654319 -0.008304768 -0.001056988 0.959985365 -0.279925013
1767851668.180738449 13.154320144 -2.143711613 0.325915700 -0.008552741 -0.003227060 0.972392820 -0.233170837
1767851668.780238390 12.647573036 -2.421372605 0.330179477 -0.006262901 -0.005144945 0.984081787 -0.177531242
1767851669.378335476 12.141296037 -2.590682853 0.327819935 -0.006291041 0.003823935 0.992260817 -0.123952700
1767851669.980219603 11.607025862 -2.704000358 0.332218086 -0.011345733 0.014408975 0.998091945 -0.058958671
1767851670.580409050 11.064083523 -2.762328571 0.320054010 -0.010938489 0.016786830 0.999788324 -0.004675462
1767851671.181680918 10.492454271 -2.766730910 0.312311988 -0.008432847 0.009627124 0.998523138 0.052799134
1767851671.778137922 9.985595341 -2.701716728 0.310367531 -0.005363426 0.016649131 0.994232055 0.105814280
1767851672.381189823 9.427040539 -2.562557296 0.308746737 -0.004479458 0.020958507 0.986431100 0.162770886
1767851672.980304480 8.914007582 -2.373159600 0.305939048 -0.004337968 0.016526434 0.976004351 0.217079631
1767851673.580590725 8.438704604 -2.134328969 0.305385971 -0.007534948 0.019760981 0.962086576 0.271923057
1767851674.178321123 7.978849900 -1.850260788 0.304895508 -0.006717812 0.015776633 0.946361257 0.322655140
1767851674.780294895 7.558723775 -1.501187327 0.285596550 -0.002607833 0.014375882 0.927152521 0.374399167
1767851675.380283833 7.167843440 -1.116419491 0.295557288 -0.007340545 0.010746855 0.903709358 0.427948615
1767851675.980464697 6.846060259 -0.665645412 0.292607098 -0.003903112 0.014276971 0.880304213 0.474178685
1767851676.578305483 6.548875080 -0.230731882 0.293134572 -0.005911827 0.011774353 0.837094542 0.546899573
1767851677.178447962 6.360306438 0.259816602 0.284919729 -0.002655417 0.012717531 0.806624182 0.590921858
1767851677.780318260 6.212087505 0.785345920 0.271993587 -0.001336112 0.007938666 0.795514811 0.605880663
1767851678.480253220 6.065041836 1.338941575 0.291376822 -0.000597670 0.006772816 0.823510528 0.567260242
1767851679.083966494 5.902117913 1.833928049 0.285050613 -0.004678245 0.007351883 0.879644178 0.475552504
1767851679.778153419 5.619872219 2.267380452 0.270049842 -0.005568727 0.003220938 0.937258226 0.348576579
1767851680.480392694 5.216931525 2.563346166 0.241372900 -0.010238691 -0.006768619 0.957965554 0.286620571
1767851681.181257963 4.735962421 2.816472078 0.249133694 -0.006672051 -0.010995198 0.960385017 0.278379614
1767851681.980370760 4.266174487 3.126031531 0.237793366 -0.007834593 -0.006043889 0.960162409 0.279267327
1767851682.680537462 3.834063307 3.410362980 0.234685867 -0.006205097 -0.000897514 0.972804362 0.231543439
1767851683.380097628 3.385741918 3.647474497 0.209757591 -0.002573958 -0.000677445 0.989398087 0.145204478
1767851684.180115461 2.822715057 3.776810041 0.185901129 -0.000451920 -0.011527635 0.999550803 0.027660487
1767851684.880104780 2.260479823 3.795129263 0.172292709 0.003252480 -0.006839010 0.999208290 -0.039056906
1767851685.578476429 1.720861575 3.730915304 0.192026643 -0.002794615 -0.006831913 0.999223739 -0.038696696
1767851686.280205488 1.229441455 3.660032408 0.197354157 0.001901061 -0.012264197 0.999774959 0.017204876
1767851687.079916954 0.705025378 3.672206688 0.194351818 -0.004814022 -0.008449405 0.999571713 0.027601146
1767851687.780016422 0.195158234 3.717408315 0.183805712 -0.003334379 -0.002896149 0.999705020 0.023882364
1767851688.480830669 -0.334663813 3.725077132 0.184916298 0.001243886 -0.012562841 0.999908130 0.004935463
1767851689.180417776 -0.876806140 3.717392034 0.174766896 -0.001932026 -0.014786932 0.999887039 0.001876977
1767851689.881003857 -1.381203533 3.727639649 0.191667879 -0.000848736 -0.000067365 0.999933852 0.011470228
1767851690.581162691 -1.885479300 3.730668171 0.175103614 0.002673815 -0.007405416 0.999889019 0.012647565
1767851691.380290985 -2.407843236 3.722032466 0.164390250 -0.000517413 -0.018467657 0.999803993 0.007117146
1767851692.280386686 -2.916175776 3.742360770 0.171659904 -0.001009589 -0.010815617 0.999880745 0.010977233
1767851697.180130959 -3.439546201 3.730666254 0.152228313 0.002874574 -0.011210956 0.999849482 0.012925310
1767851698.581097841 -3.963254215 3.731765941 0.160488774 0.002665006 -0.014164899 0.999857544 -0.008783271
1767851699.880362272 -4.502105026 3.715878632 0.164452325 0.001233776 -0.007294597 0.997414271 -0.071484533
1767851701.082597971 -5.028244919 3.615857633 0.165475601 0.002875938 -0.008268418 0.998319553 -0.057283795
1767851702.180513382 -5.560868946 3.551119493 0.169831165 0.002149829 -0.011687036 0.998929431 -0.044707755
1767851703.280485153 -6.086796440 3.500902363 0.178528296 -0.003380980 -0.007994698 0.999853584 0.014746674
1767851704.180474520 -6.634545246 3.528391220 0.168338308 -0.000690706 -0.000481642 0.999678056 0.025358935
1767851705.080354929 -7.175344375 3.558033559 0.182196621 -0.004897806 -0.004183302 0.999009767 0.044022683
1767851705.880204678 -7.710155517 3.589576422 0.191581509 0.000048800 -0.004319618 0.998575954 0.053173317
1767851706.581179619 -8.225999511 3.628517582 0.176282211 -0.004468431 -0.009098574 0.996891065 0.078137402
1767851707.380296707 -8.759763706 3.714084959 0.177817154 -0.001150210 -0.004889191 0.994755947 0.102153704
1767851708.080568790 -9.279684986 3.809767115 0.166090684 -0.001992923 -0.011324178 0.996074974 0.087763536
1767851708.781003237 -9.789936936 3.918425873 0.166624137 0.000203442 -0.018287515 0.999093077 0.038451911
1767851709.578706980 -10.362465279 3.949690481 0.159158618 0.004890934 -0.019570137 0.999694491 0.014283312
1767851710.280324221 -10.874328407 3.967735692 0.155570020 0.004695833 -0.018671630 0.999785023 0.007695965
1767851711.080415964 -11.405854062 3.969199544 0.154722145 -0.000752846 -0.024155259 0.999382922 -0.025489834
1767851711.780719042 -11.917131130 3.952100920 0.159114602 -0.001653512 -0.018674011 0.998403218 -0.053287539
1767851712.581037045 -12.469796374 3.850266261 0.163284375 -0.000867368 -0.036822188 0.995684633 -0.085179138
1767851713.480701923 -12.960415145 3.701628949 0.166785948 0.001558072 -0.040779204 0.999052806 0.015103642
1767851714.380419254 -13.482095288 3.777466889 0.167317890 0.000130572 -0.012253974 0.999451907 0.030752368
1767851719.678683281 -13.991777988 3.783727928 0.160432144 -0.010181519 -0.021751144 0.999140352 0.033790270
1767851721.480706930 -14.495980480 3.813520925 0.180382758 -0.020148776 -0.021723813 0.998992370 0.033709749
1767851723.680673122 -15.010470480 3.833845201 0.183675229 -0.006756932 -0.029706016 0.998363484 -0.048396794
1767851724.781236172 -15.350753907 3.817851789 0.181480512 0.040245959 -0.019786943 0.983591748 -0.174745568
1767851725.180534363 -15.406370809 3.753456894 0.184880227 0.081000432 -0.024305628 0.996372562 -0.009480764
1767851726.380860567 -15.705823381 3.805940851 0.203895365 0.171130758 -0.009148248 0.981518669 -0.085156773
1767851727.881208420 -16.160786351 3.712884406 0.394886852 0.240412891 0.007170392 0.965423969 -0.100532518
1767851728.980640888 -16.387301574 3.615514873 0.561102969 0.261158765 -0.032397757 0.964585482 0.017925773
1767851730.680418015 -16.834315083 3.660748269 0.796329073 0.239353939 -0.036326547 0.965927454 0.091510803
1767851731.680497169 -17.124653749 3.737038716 1.004895252 0.249605140 -0.015810005 0.967582606 -0.035088733
1767851733.378704309 -17.551153528 3.693808220 1.274048859 0.261402527 -0.009317728 0.963201902 -0.061838453
1767851734.880571365 -18.020090623 3.630016827 1.526423173 0.268635751 -0.016623349 0.961110790 -0.061842916
1767851735.278428555 -18.109629448 3.556631181 1.589767043 0.255118581 -0.050821704 0.962467506 0.077381932
1767851736.680943251 -18.528251397 3.641345868 1.863700188 0.240687561 -0.037753631 0.963070101 0.114630457
1767851737.380907297 -18.770116080 3.715299211 2.013449322 0.249314356 -0.014140499 0.968281953 -0.008512210
1767851739.280920982 -19.232707580 3.696174457 2.240638088 0.253655282 0.009925820 0.964247537 -0.076073412
1767851742.980789185 -19.604307197 3.603370767 2.450187606 0.144974020 -0.025119057 0.988009939 -0.046775280
1767851744.480976582 -19.871265473 3.559999149 2.587248976 -0.000829720 -0.036454724 0.999332133 -0.002377416
1767851748.680932283 -20.165657986 3.590831691 2.594694631 0.001344472 -0.036552101 0.984961412 0.168858381
1767851749.180776119 -20.290708128 3.561532356 2.583432599 0.006673206 -0.032891841 0.932575335 0.359411796
1767851749.680945635 -20.428474075 3.583897642 2.574540866 0.001543738 -0.025054463 0.845496948 0.533389914
1767851750.080899000 -20.508271774 3.628879086 2.581208176 0.012171701 -0.007020547 0.752068413 0.658935250
1767851750.579043388 -20.591200933 3.612067923 2.603467085 0.018900079 -0.003635117 0.613843496 0.789193091
1767851753.581158638 -20.425171892 4.085202232 2.622578196 0.006150044 0.006327140 0.714041701 0.700047565
1767851755.377971411 -20.443028807 4.595458557 2.645792634 0.004420422 0.001148271 0.712164215 0.701998057
1767851756.581345797 -20.474893499 4.877208280 2.642207122 0.012868316 0.003909823 0.582036659 0.813051319
1767851756.978920460 -20.565823098 4.903223234 2.646514208 0.016500315 0.003893992 0.435958563 0.899807039
1767851757.481143236 -20.634835572 4.946601860 2.658467605 0.020541501 0.008377107 0.248155601 0.968466142
1767851759.581245184 -20.351583667 5.037200371 2.657069614 0.022065288 0.020262295 0.060022551 0.997747391
1767851761.778992653 -19.843915780 5.097538274 2.667218852 0.016509044 -0.023875932 -0.039845592 0.998784121
1767851762.981278658 -19.405002144 5.073684671 2.746269782 0.012186874 -0.198467808 -0.043880409 0.979048783
1767851764.480882883 -19.021024538 5.024833283 2.921104582 0.035935942 -0.251523346 0.045425374 0.966116530
1767851766.381244898 -18.582557024 5.011469499 3.176339616 0.032946300 -0.239106479 0.032598382 0.969886580
1767851767.781032324 -18.152183832 5.030391384 3.435651857 0.035168408 -0.239040598 0.032631252 0.969823684
1767851769.381102324 -17.714674374 5.076323987 3.689161689 0.032092081 -0.259668938 0.034384903 0.964551616
1767851770.877046347 -17.273326557 5.116775771 3.935613709 0.027573952 -0.248800954 0.036141436 0.967487240
1767851772.481065273 -16.820143971 5.135465554 4.206025429 0.019319481 -0.249617885 0.026947046 0.967776589
1767851773.880940676 -16.382825831 5.141031201 4.457219921 0.034760909 -0.219836596 0.039900038 0.974100373
1767851775.781135321 -15.890962517 5.180844132 4.668965272 0.022180221 -0.038675473 0.042834892 0.998086879
1767851776.780913353 -15.593539803 5.247157156 4.723898383 0.011907979 0.021860814 -0.089871358 0.995642227
1767851778.081278563 -15.220353560 5.080356086 4.708014734 0.011390397 0.006461791 0.072042155 0.997315613
1767851798.481135368 -14.706215599 5.157811038 4.696433882 0.010084520 0.012263875 -0.036290607 0.999215138
1767851799.579501629 -14.198756764 5.117524010 4.707083298 0.010305513 0.030199851 -0.133678186 0.990510933
1767851800.579522133 -13.706871511 4.979883273 4.710953412 0.007714585 0.026312234 -0.134390848 0.990548965
1767851801.680544853 -13.228296685 4.810358560 4.687130008 0.009383481 0.018697305 0.011880642 0.999710564
1767851802.780854225 -12.701078488 4.876707936 4.695724554 0.008178165 0.025934730 0.011910406 0.999559228
1767851803.781129837 -12.183435703 4.917126469 4.714760287 0.003784084 0.026127203 -0.127188579 0.991527163
1767851804.978827000 -11.677878630 4.775393004 4.699982730 0.009670509 0.017003175 -0.123710500 0.992125539
1767851806.081054688 -11.171351324 4.648538699 4.697661821 0.007347366 0.029964490 -0.076263512 0.996610266
1767851807.081199646 -10.673994724 4.566654192 4.662710247 0.009576525 0.027221717 0.010800397 0.999525197
1767851808.185791492 -10.171896386 4.598888653 4.662980027 0.008807015 0.020916861 0.009728312 0.999695094
1767851809.281136274 -9.662564271 4.656764428 4.669396431 0.000611533 0.021226772 -0.040020415 0.998973181
1767851810.379092693 -9.143275993 4.622956270 4.667171857 0.000299046 0.025931443 -0.044327060 0.998680421
1767851811.579198837 -8.614882104 4.578341899 4.647454990 0.001452017 0.016380209 -0.039914174 0.999067785
1767851812.681219816 -8.099229490 4.538272261 4.656926461 0.001301808 0.027320182 -0.041933982 0.998745941
1767851813.684490919 -7.584882401 4.477962156 4.648732596 0.009302136 0.023454730 -0.044077390 0.998709432
1767851814.881166220 -7.060787648 4.464579579 4.632726864 0.004627367 0.013541041 -0.045238165 0.998873734
1767851815.981151104 -6.553986959 4.426252169 4.643356989 0.011596081 0.025006540 -0.043775583 0.998661055
1767851817.085838795 -6.026432086 4.404106870 4.641816205 0.003510122 0.021992381 -0.041539286 0.998888633
1767851822.981204748 -5.496275794 4.382494146 4.598903629 -0.000975742 0.008868697 -0.036933496 0.999277895
1767851823.681114197 -4.993136772 4.345639000 4.614599672 0.000804107 0.004499895 -0.041448439 0.999130187
1767851824.379891396 -4.480680169 4.298025532 4.608179607 0.002854286 -0.003002872 -0.045671902 0.998947903
1767851825.081232071 -3.916261366 4.269874530 4.608259597 -0.000709028 0.005789687 -0.048230221 0.998819214
1767851825.881196499 -3.412558859 4.245232078 4.608289974 -0.006637398 -0.002746699 -0.037957446 0.999253538
1767851826.481129408 -2.867776375 4.178579307 4.600885488 0.009433943 0.001987354 -0.036027973 0.999304276
1767851826.981242418 -2.363759359 4.115579593 4.620611918 0.005770542 0.004886725 -0.043570120 0.999021754
1767851827.579784155 -1.787609676 4.101541052 4.609473883 -0.002138262 0.004780288 -0.040161245 0.999179489
1767851828.179670334 -1.276365808 4.085022065 4.610183468 -0.014408208 0.003630790 -0.037463924 0.999187508
1767851828.879017115 -0.704800896 4.034149628 4.611957941 -0.009545616 -0.003966421 -0.030706387 0.999474995
1767851829.579820633 -0.132313259 3.980637530 4.588718864 -0.002606282 0.002168716 -0.026797034 0.999635145
1767851830.181112766 0.418873338 3.966356014 4.604035903 -0.007726530 0.001546852 -0.019846905 0.999771978
1767851830.781153917 0.978358943 3.948598193 4.605993158 -0.006611401 0.000822174 -0.012528196 0.999899324
1767851831.381186724 1.547450716 3.943474949 4.612704296 -0.010275739 0.000949869 -0.003965856 0.999938888
1767851831.981211901 2.098562581 3.933696203 4.606291248 -0.007823723 -0.001103518 -0.001529709 0.999967615
1767851832.579365253 2.648100181 3.937726596 4.606834809 -0.012412445 0.000970858 -0.000938455 0.999922051
1767851833.179818630 3.225685123 3.926368038 4.608415009 -0.008393775 0.002904735 0.000010323 0.999960553
1767851833.779745579 3.815385823 3.925104592 4.619343332 -0.009834016 0.002907707 -0.003346336 0.999941818
1767851834.381108761 4.351525866 3.929889969 4.624378261 -0.011636132 0.002005276 -0.001568743 0.999929057
1767851834.981149673 4.864882538 3.936465415 4.619397780 -0.012260665 0.002062401 -0.000584204 0.999922538
1767851835.579746246 5.421049529 3.946143203 4.613374730 -0.016117919 0.002884709 0.000389030 0.999865861
1767851836.178691864 5.963088817 3.927835129 4.610942398 -0.009174383 0.001094405 0.002890805 0.999953137
1767851836.781314850 6.535886315 3.943326222 4.616926761 -0.013164204 0.000930615 -0.001360100 0.999911990
1767851837.380933762 7.135963835 3.940633762 4.625172824 -0.012742883 0.000799266 -0.000770878 0.999918190
1767851837.979996920 7.699504502 3.941324117 4.633019925 -0.012353183 0.000809462 0.001762677 0.999921815
1767851838.679898739 8.282918929 3.939769677 4.619888714 -0.012568536 -0.000434777 -0.002170761 0.999918562
1767851839.181419611 8.795886429 3.932628484 4.620425722 -0.011284546 0.000322487 0.003970573 0.999928392
1767851839.681439400 9.336097992 3.936048800 4.637813129 -0.010214123 -0.005314457 0.002193699 0.999931306
1767851840.181291580 9.862461945 3.943178501 4.650050127 -0.012835895 -0.000936324 0.000860386 0.999916808
1767851840.681290865 10.414361512 3.958520729 4.656867317 -0.021441644 -0.002349123 -0.006883176 0.999743647
1767851841.180031776 10.921159425 3.964461658 4.663158331 -0.021407189 -0.006828562 -0.006720433 0.999724932
1767851841.777816296 11.501295226 3.956563451 4.654746848 -0.017790849 -0.002303016 -0.005817859 0.999822151
1767851842.381422997 12.083274416 3.946677462 4.659693737 -0.011102785 -0.004678010 -0.006178646 0.999908330
1767851842.882068634 12.595358845 3.952486589 4.657550236 -0.012713557 -0.001200164 -0.003769695 0.999911353
1767851843.379756927 13.123588961 3.982719731 4.661935356 -0.025126568 -0.000812997 0.001344692 0.999683043
1767851843.879662991 13.659137392 3.988772468 4.671517803 -0.023505053 -0.003627533 0.006980319 0.999692767
1767851844.379946232 14.174130670 3.977866443 4.677756972 -0.024082935 0.003167577 0.002986791 0.999700484
1767851844.881158113 14.700968412 3.986300726 4.671280780 -0.022569540 -0.000810141 -0.005310145 0.999730845
1767851845.481133461 15.309895929 4.006068054 4.673559572 -0.026765411 -0.002139814 -0.005216802 0.999625839
1767851845.979477406 15.874427239 4.005919595 4.674753138 -0.026198190 -0.009486648 -0.002704238 0.999608096
1767851846.479696989 16.436346151 4.000767972 4.696039487 -0.014471049 -0.001156753 0.001275800 0.999893806
1767851846.981268644 16.995254636 3.986767387 4.697617294 -0.006450636 -0.003321805 0.002178683 0.999971304
1767851847.481131077 17.515186991 4.009526606 4.714688906 -0.014646912 -0.007312732 0.006170873 0.999846944
1767851847.981213093 18.046328193 4.050883324 4.708757313 -0.025843080 -0.000959521 0.004691251 0.999654544
1767851848.477454424 18.574847389 4.057603232 4.706028327 -0.023802643 -0.003708327 -0.000864362 0.999709425
1767851848.985765457 19.115293972 4.044567144 4.710777688 -0.017761677 -0.008810494 -0.001742482 0.999801911
1767851849.481412888 19.680432338 4.020444395 4.705319752 -0.015822158 -0.001857337 0.000718037 0.999872839
1767851849.981977940 20.202905823 4.067224418 4.723285300 -0.021369215 -0.002940546 0.003550245 0.999761024
1767851850.579983950 20.795839888 4.092967883 4.729826382 -0.023205040 -0.003396802 0.004917966 0.999712859
1767851852.877827406 20.792358953 4.161552071 4.705183330 -0.011399073 -0.012359676 -0.162043740 0.986640322
1767851853.681241751 20.772944376 4.212862931 4.702162406 -0.004696994 -0.012093965 -0.335732644 0.941867966
1767851854.481215000 20.802086077 4.296011995 4.695471428 -0.002733103 -0.012990229 -0.510213781 0.859945162
1767851855.281190395 20.917926254 4.354374634 4.698354809 -0.002064029 -0.018639795 -0.648650443 0.760855374
1767851856.079907656 21.046680513 4.323548734 4.676434183 -0.006974108 -0.029994586 -0.778321470 0.627110338
1767851856.781189203 21.116760039 4.313125685 4.679461914 0.010080756 0.033115556 0.871028230 -0.490011797
1767851857.579818726 21.078482590 4.099685665 4.693880101 0.003556536 0.025552779 0.942113532 -0.334300013
1767851858.381129026 20.852115251 3.873286024 4.706240717 -0.011477956 0.024958471 0.987959024 -0.152257340
1767851859.181174040 20.470451014 3.736050627 4.710137951 -0.002481644 0.015892863 0.999430900 0.029650187
1767851860.081160069 19.962290303 3.759412211 4.721634143 -0.000604126 0.013611155 0.983549028 0.180126846
1767851861.181050062 19.462337664 3.979955069 4.717943828 -0.003360027 0.012164354 0.984356170 0.175737502
1767851862.281169653 18.951599368 4.160197146 4.694257863 -0.004363747 0.007911096 0.999185835 0.039319702
1767851862.979872227 18.445038368 4.128252898 4.692341335 -0.004125562 -0.002319387 0.999968038 0.006443914
1767851863.579968929 17.892974139 4.142360317 4.706581506 -0.001752753 0.005018268 0.999985623 0.000706563
1767851864.177918673 17.374416503 4.179012843 4.699213546 -0.005499100 0.014803269 0.999870660 0.003047454
1767851864.781144381 16.870575387 4.162892564 4.690122116 -0.004270577 0.006174426 0.999962289 0.004365581
1767851865.479673862 16.327869379 4.156277761 4.683473543 -0.001245666 0.005519697 0.999223146 -0.039001102
1767851866.081395626 15.804126132 4.117106031 4.684112257 -0.000586288 0.010424687 0.998269845 -0.057864487
1767851866.679665565 15.295455866 4.059118632 4.688039515 -0.002818317 0.010972398 0.998327372 -0.056693231
1767851867.281281948 14.761285699 3.988930131 4.676144734 -0.000166677 0.004729693 0.998380303 -0.056695431
1767851867.881363153 14.229703566 3.928936954 4.674593361 0.001572640 0.002258407 0.998237451 -0.059282523
1767851868.481349468 13.704097370 3.877480047 4.673726587 0.001105418 0.004168928 0.998281261 -0.058445891
1767851869.079386234 13.177790618 3.812500938 4.666827809 -0.001074485 0.004776296 0.998650328 -0.051706429
1767851869.678937674 12.630442828 3.733138186 4.673183984 0.000397515 0.000535201 0.999150898 -0.041195139
1767851870.280204773 12.051343056 3.680744083 4.669157603 0.000270503 0.003175442 0.999511455 -0.031091709
1767851870.881139755 11.504685080 3.679736476 4.668082450 0.003992656 0.005148293 0.999836154 -0.016888430
1767851871.481167078 10.908770700 3.658279435 4.665331563 0.001913166 0.007633843 0.999939271 -0.007714795
1767851872.081170797 10.300081685 3.656016985 4.648001530 0.001181273 0.007217938 0.999951062 -0.006661828
1767851872.580067873 9.742288335 3.655291291 4.651347770 -0.005171709 0.007155003 0.999953953 -0.003761828
1767851873.080101967 9.209759439 3.661183077 4.646517062 -0.003459929 0.012708885 0.999907081 0.003513320
1767851873.579109907 8.663893778 3.661168887 4.654818293 0.002810998 0.008557768 0.999927041 0.008048355
1767851874.081181526 8.121538537 3.640418895 4.658307624 -0.003406619 0.006912447 0.999957648 0.005031452
1767851874.578162909 7.600635625 3.638610526 4.646564396 -0.000310937 0.006731602 0.999977260 -0.000261983
1767851875.080187798 7.091578138 3.630161139 4.645621417 0.002681713 0.003685887 0.999988346 -0.001590700
1767851875.680222511 6.538044507 3.637592415 4.636390042 0.001802587 0.006627214 0.999958922 -0.005914777
1767851876.181235790 6.021046722 3.634012256 4.647991338 -0.002209751 0.001863690 0.999995687 -0.000519068
1767851876.780395985 5.421836646 3.620995060 4.646289534 -0.000618967 0.001036302 0.999998695 -0.001074025
1767851877.380062819 4.831874419 3.634815597 4.641985213 -0.001909293 0.001629075 0.999995097 -0.001872863
1767851877.979590893 4.239757062 3.638115838 4.624156353 -0.002426983 0.003960918 0.999989197 0.000165194
1767851878.480225801 3.712535387 3.654099162 4.623403526 -0.001346305 0.001976314 0.999967344 0.007719588
1767851878.980244875 3.192204076 3.640076303 4.627466604 0.004027185 0.001141475 0.999948663 0.009227632
1767851879.480027199 2.676824313 3.637989409 4.626599200 -0.004237204 0.005429984 0.999967453 0.004201633
1767851879.979387999 2.121750167 3.653024586 4.625718724 -0.003406815 0.004440383 0.999983447 -0.001335020
1767851880.481334448 1.597202613 3.631731324 4.630444412 0.002199599 0.003929028 0.999986299 -0.002669626
1767851880.979310036 1.076538049 3.629424107 4.624917298 -0.003675168 -0.000505246 0.999992984 0.000519875
1767851881.481336117 0.559463238 3.631482268 4.615276735 -0.002938942 0.000176201 0.999968053 0.007431364
1767851887.077626944 0.016095601 3.696371065 4.540682972 -0.027885779 -0.013199456 0.999501837 0.006650998
1767851888.079143524 -0.562798861 3.724344680 4.529995508 -0.011612943 0.019732313 0.999543194 0.019727634
1767851888.680312395 -1.089967845 3.732971348 4.551769782 0.002429586 -0.015476244 0.999477520 0.028271351
1767851889.280465364 -1.638560882 3.761641826 4.542942401 0.006883798 0.016568971 0.999683933 0.017610106
1767851889.874358416 -2.196159008 3.776639992 4.533498077 0.002589084 0.000566383 0.999556176 0.029671984
1767851890.477749586 -2.744343008 3.824483422 4.543476882 0.002070528 -0.007443579 0.999294549 0.036752006
1767851891.080259562 -3.316967770 3.844620780 4.548525708 0.002536722 0.006735590 0.999689371 0.023861250
1767851891.680333376 -3.858865446 3.879108761 4.544311340 0.006451373 -0.010233968 0.999340183 0.034246811
1767851892.280265331 -4.418128537 3.919563835 4.539073717 -0.000912208 -0.005018149 0.999206808 0.039493567
1767851892.880253553 -4.965597237 3.946768509 4.561227661 0.003499012 -0.001712133 0.999630826 0.026889343
1767851893.480314016 -5.523578233 3.981922336 4.557566874 0.007133800 -0.010318770 0.999184367 0.038382717
1767851894.085902691 -6.060316177 4.033879379 4.552453224 0.012608505 0.000481088 0.999211285 0.037651069
1767851894.680302620 -6.594593041 4.050683111 4.573600389 0.002124861 -0.000997626 0.999549042 0.029936645
1767851895.280243158 -7.141581726 4.096552053 4.579935690 0.005210383 -0.004226470 0.999084058 0.042261490
1767851895.880192280 -7.697165464 4.140024188 4.580947473 0.017489068 0.010653137 0.999760015 -0.007781729
1767851896.480284691 -8.239667637 4.093932452 4.571661130 0.009118137 -0.019019499 0.998856000 -0.042916299
1767851897.080306768 -8.765542721 4.043734183 4.589872550 0.008995941 -0.007544712 0.999450812 -0.030987506
1767851897.680322886 -9.304721809 3.993866824 4.591788654 0.009540701 0.009166486 0.999143036 -0.039219170
1767851898.280362606 -9.861573124 3.936078665 4.586669513 0.008509039 -0.008576450 0.999275439 -0.036092081
1767851898.880630493 -10.405210064 3.915532842 4.594865658 0.006882903 -0.006944897 0.999587042 -0.027021099
1767851899.480299473 -10.952589465 3.862849296 4.613070001 0.006764173 0.000540910 0.999115266 -0.041504689
1767851900.080261707 -11.487732148 3.822604829 4.609589604 0.010814494 -0.015370367 0.999393071 -0.029330677
1767851900.680427313 -12.042618843 3.805517866 4.600511318 0.004155795 -0.009967331 0.999616065 -0.025516736
1767851901.279966831 -12.581698275 3.755975580 4.622484324 0.002696484 -0.010674761 0.999299792 -0.035758964
1767851901.880331993 -13.124818480 3.712658193 4.627682974 0.003383127 -0.013958095 0.999654066 -0.022033474
1767851902.480383396 -13.675138169 3.687485217 4.619166503 0.013542206 -0.001169337 0.999570408 -0.025966157
1767851903.180217981 -14.199555310 3.653027487 4.622816132 -0.004370545 -0.010316300 0.999449859 -0.031216211
1767851914.580683708 -14.706483082 3.580245475 4.679849575 -0.016312545 -0.019531947 0.999359916 -0.025142832
1767851917.980521202 -15.221272391 3.563629459 4.659677222 -0.005681355 -0.010860436 0.993395698 -0.114082255
1767851918.880616665 -15.678223240 3.451761938 4.739324562 0.171472467 -0.007312527 0.979849913 -0.102165887
1767851920.080408573 -16.158475139 3.346176752 4.915774029 0.254525744 0.012715559 0.961831287 -0.099677160
1767851920.480447292 -16.304393099 3.314744834 4.988740009 0.267824557 -0.022914542 0.963101221 0.013452456
1767851921.680589199 -16.769762851 3.358653336 5.259611040 0.268634111 -0.022716835 0.961157890 0.059119960
1767851922.879792690 -17.175999392 3.414176252 5.553694510 0.295077325 -0.023634985 0.953710541 0.052980784
1767851924.080471754 -17.600925526 3.460365697 5.844575170 0.261599746 -0.016157278 0.963615363 0.052439936
1767851925.380764961 -18.018726880 3.479614947 6.130885951 0.256778685 -0.035551094 0.963501799 0.066821472
1767851927.080497026 -18.470048493 3.566088405 6.371829167 0.277586486 -0.023690901 0.958769084 0.056092139
1767851928.685814619 -18.891776621 3.555095575 6.688581786 0.264855507 -0.004793235 0.963108964 -0.047431086
1767851930.580645323 -19.337326630 3.479104717 6.962864951 0.265831900 -0.004530055 0.963025353 -0.043532164
1767851931.980553150 -19.680433383 3.435538185 7.132314530 0.093026542 -0.021186991 0.994896137 -0.032845848
1767851933.280630827 -19.854578157 3.399807504 7.170774681 0.007371846 -0.022920543 0.997831090 0.061265172
1767851934.379874945 -20.183501596 3.426620146 7.192621717 -0.008419901 -0.025418666 0.968559356 0.247337363
1767851934.878602266 -20.268009583 3.353329557 7.184711495 -0.000363045 -0.010301016 0.906048191 0.423048973
1767851935.380603313 -20.330883526 3.305619031 7.164799032 0.006854300 -0.007689575 0.809775465 0.586649457
1767851935.778672457 -20.371929152 3.295272345 7.166695026 0.008566796 0.005218891 0.704414263 0.709718197
1767851938.080744743 -20.387739181 3.814342786 7.183595971 -0.007450609 0.000587813 0.704056584 0.710104548
1767851939.880806446 -20.358979830 4.324356415 7.184958526 -0.003880126 -0.011993158 0.704091505 0.709997367
1767851941.680731058 -20.392191139 4.832036473 7.231202265 -0.012376281 -0.000384937 0.704213449 0.709880340
1767851942.380625725 -20.425323683 4.934329433 7.226576598 0.003854743 -0.000798561 0.543162470 0.839618387
1767851942.880796432 -20.532188615 4.938124731 7.212918762 0.019006582 -0.001033316 0.370276782 0.928726433
1767851943.380865574 -20.561063515 5.003783331 7.235924073 0.023497923 0.002416536 0.178510269 0.983654458
1767851943.878643036 -20.569603727 5.087715253 7.241904375 0.026032637 0.001423184 -0.003106841 0.999655253
1767851946.380321980 -20.064969341 5.070340874 7.225777820 0.012161181 0.018135912 -0.013648896 0.999668396
1767851947.580343008 -19.561051547 5.059905550 7.315143236 0.016975890 -0.092251054 -0.020043239 0.995389286
1767851948.680056810 -19.047864394 5.041812062 7.436885478 0.019081652 -0.246932233 -0.011337012 0.968778527
1767851950.178883314 -18.614192120 5.026920309 7.715124867 0.026405942 -0.261042228 -0.017445877 0.964808438
1767851951.480794668 -18.141596318 5.011062088 7.991945993 0.017256083 -0.264174796 -0.010566955 0.964262539
1767851952.780771494 -17.697488861 4.996644578 8.264413817 0.017016008 -0.262657997 -0.007554652 0.964709365
1767851953.880903721 -17.230165283 4.993824159 8.522261973 0.019701106 -0.263662841 -0.012684955 0.964330267
1767851954.880775452 -16.800521895 4.996722215 8.803385744 0.008630778 -0.249416925 -0.026541431 0.967993936
1767851956.080975294 -16.345099197 5.003512331 9.073142311 0.009096504 -0.242081777 -0.029397002 0.969767747
1767851957.380516052 -15.864096190 4.990546913 9.278846401 0.014189309 -0.091050348 -0.016877617 0.995602151
1767851958.480981350 -15.365849675 4.992069945 9.379763626 0.004440489 0.032597060 -0.014374437 0.999355337
1767851959.678843737 -14.827382141 4.973222328 9.371318717 0.005636818 0.022535544 -0.012660204 0.999649986
1767851971.981004715 -14.656873639 5.019739346 9.320699976 0.013119319 0.001437430 -0.177046026 0.984114080
1767851972.380927086 -14.624941176 5.096838150 9.315368565 0.012839323 0.001053316 -0.347784745 0.937485900
1767851972.880916119 -14.571202334 5.134210448 9.329562015 0.010785634 0.007949041 -0.521267590 0.853288100
1767851973.381056786 -14.473302820 5.145675261 9.327521700 0.008949877 0.005376936 -0.677594098 0.735361970
1767851974.581168175 -14.420998362 5.127767700 9.341980845 0.006209453 0.002883257 -0.797581221 0.603172716
1767851975.781008005 -14.507189067 4.888360935 9.339407386 0.015724086 0.018093138 -0.684121484 0.728974064
1767851976.881061792 -14.475911218 4.374834760 9.328830390 0.021248514 0.023365609 -0.683503454 0.729263723
1767851977.480952024 -14.414043119 4.080394812 9.346885842 0.014366171 0.030581627 -0.807389010 0.589051241
1767851978.480679750 -14.572409563 3.585457822 9.346647562 0.030593860 0.017234164 -0.806976217 0.589539129
1767851979.681214094 -14.711420421 3.061878619 9.319751256 0.024471562 0.021766842 -0.714002220 0.699376992
1767851980.781045914 -14.679717529 2.514567122 9.301777373 0.012566767 0.027015936 -0.711913743 0.701634548
1767851981.881202936 -14.684942104 1.983952969 9.300970976 0.014213153 0.032741211 -0.711637538 0.701639518
1767851982.581321001 -14.620633582 1.657378330 9.285870864 0.002618187 0.025495062 -0.825713941 0.563506552
1767851983.481184721 -14.750924789 1.276370165 9.281731674 -0.007898616 -0.028085661 0.907323514 -0.419419657
1767851983.981007814 -14.849989417 1.035143575 9.304025816 -0.014753512 -0.020670023 0.970287924 -0.240616767
1767851984.381263256 -15.013341283 0.871708485 9.308225552 -0.004785641 -0.019533106 0.997311249 -0.070468638
1767851985.381161690 -15.525406331 0.837137721 9.321218327 -0.002746749 -0.009084360 0.997577759 0.068909687
1767851986.480761051 -16.033570572 0.931617133 9.326131969 0.001019384 -0.001833346 0.997485848 0.070834902
1767851987.081320047 -16.314285635 1.010860730 9.307843851 -0.005257577 0.007750300 0.994665891 -0.102723204
1767851988.081125498 -16.809553681 0.939080478 9.338028715 -0.011575100 -0.005406818 0.992958021 -0.117775854
1767851989.281294823 -17.335539284 0.820952534 9.341196339 -0.007354277 -0.009066661 0.996848130 -0.078469840
1767851990.381609201 -17.855704640 0.755115561 9.353958899 -0.002763070 -0.014159951 0.998409007 0.054509778
1767851991.481219530 -18.399108203 0.808552579 9.381349741 -0.009493581 -0.019548324 0.998182439 0.056209897
1767851992.681133032 -18.941540168 0.853395907 9.388273300 0.000000195 -0.018145756 0.998410731 0.053354883
1767851993.781092405 -19.450364589 0.913659199 9.408840668 0.000189400 -0.018851993 0.998247969 0.056085286
1767851994.880859137 -19.987299549 0.982064962 9.410737652 -0.000447474 -0.010420581 0.998413023 0.055341177
1767851995.780934334 -20.342957529 0.942240562 9.418239339 0.006311380 -0.023866786 0.971593214 0.235366034
1767851996.281217813 -20.461415641 0.909794906 9.411008897 0.005412706 -0.015226293 0.907375160 0.420010930
1767851996.781404972 -20.540490696 0.884555170 9.401148723 0.013878993 -0.005615675 0.808596146 0.588173538
1767851997.280883789 -20.596662089 0.883652669 9.393011828 0.021515275 0.000552467 0.677132725 0.735546097
1767851997.781265259 -20.670466615 0.908615068 9.403524995 0.027688683 0.014128911 0.522729286 0.851931807
1767851998.181357384 -20.714214507 0.961201113 9.414875320 0.025628172 0.014273139 0.364904478 0.930582718
1767851998.681134224 -20.742885975 1.008033987 9.416094915 0.022491232 0.019660893 0.177068190 0.983745114
1767851999.181368828 -20.736061995 1.063684198 9.415965563 0.017317665 0.020026239 -0.015548412 0.999528536
1767852000.681159258 -20.207241556 0.994178366 9.413805078 0.024550745 0.042379564 -0.085053571 0.995171906
1767852001.481326580 -19.776997729 0.895863990 9.397390577 0.025644778 0.025298355 0.097574020 0.994576115
1767852002.581182718 -19.288125537 1.001130902 9.388805477 0.017874052 0.029961520 0.086417730 0.995647930
1767852003.580864668 -18.822770608 1.188823863 9.367120786 -0.002362446 0.027005416 0.027745430 0.999247376
1767852004.081339121 -18.589771973 1.310935391 9.399700072 -0.003628111 0.031961324 -0.152613861 0.987762279
1767852005.080878258 -18.088857436 1.111188555 9.375158570 0.017289765 0.027264473 -0.154350293 0.987488582
1767852006.281459093 -17.588225705 0.964335516 9.355681561 0.019516625 0.027835413 -0.155704012 0.987218594
1767852007.381357908 -17.089448191 0.831582957 9.349272822 0.018713271 0.030590154 -0.137612567 0.989836773
1767852008.481384754 -16.591365870 0.724268704 9.331366216 0.012754584 0.024445393 -0.031167407 0.999133793
1767852009.581242085 -16.089960235 0.726754070 9.324146896 0.009342533 0.021664367 -0.028306813 0.999320818
1767852010.681208372 -15.573846007 0.703033107 9.322145562 0.004392849 0.032435032 -0.028601712 0.999054860
1767852011.881211042 -15.062912152 0.670159938 9.299544816 0.008850272 0.023148427 -0.027611739 0.999311470
