450 6 -0.538341939 0.442830086 0.170224369 -0.014230237 -0.001532006 -0.520395875 0.853805184
34 96 0.159075230 0.257028043 -0.010442522 0.001723646 0.018872691 0.999803782 0.005860688
176 288 -0.266459316 -0.340741009 0.034937896 0.009147771 -0.021817289 0.980795979 -0.193596527
263 212 0.284121841 -0.357438594 -0.016528185 -0.007950922 -0.004188485 0.995408893 0.095290855
38 93 0.025281178 0.271471649 0.004555199 0.002175057 0.001724418 0.996247709 0.086503178
696 795 -0.258805275 0.572492898 -0.034757558 -0.002237919 0.017097723 0.993436813 0.113078199
1884 698 1.643288016 1.573255897 0.043257881 0.015907077 -0.000074274 -0.804687798 0.593485475
873 1973 -0.281460375 -1.022579551 -0.001944541 -0.010989242 0.002250280 0.009112949 0.999895573
1208 1968 -0.142583594 -0.583612919 -0.066521965 -0.019113107 -0.049214303 0.986947834 -0.152139947
1987 887 -0.188750461 -0.487909824 -0.001208676 0.001924146 -0.005455479 -0.056875210 0.998364568
913 2014 0.039639108 0.628572822 -0.040828068 -0.002209691 -0.001578644 0.238874868 0.971046567
847 1948 -0.164769560 -0.199444622 -0.009318938 -0.006446709 0.011457429 -0.006106354 0.999894917
1949 1229 0.128557697 -0.302205324 -0.050345972 -0.004941226 -0.011418429 0.999781966 -0.016769938
827 1250 0.219010547 0.207526118 -0.009680652 -0.013993192 0.008391354 0.998690963 0.048476964
1925 603 0.073773474 0.216702238 -0.003248754 -0.017330192 0.007456223 0.996837378 -0.077196538
1903 1641 -0.284091115 0.272189617 -0.007008786 -0.019582743 -0.023044026 0.998699069 0.041057963
1904 802 -0.294168591 -0.417782158 -0.011757149 0.003965979 -0.002587968 0.083070189 0.996532440
1911 1631 0.246849880 -0.401733369 -0.029727660 -0.010342309 -0.025294375 0.930885375 0.364288181
1270 1627 -0.427135050 0.227338985 -0.003696148 0.001481810 -0.033013407 0.931059539 -0.363367856
796 1898 0.184137121 0.202366740 -0.017872611 0.000003557 0.000915230 0.008329603 0.999964893
1251 1927 0.107885964 -0.157835856 -0.040166583 -0.004866282 -0.005722245 0.999896169 -0.012296072
1033 946 0.099568479 -0.407199740 -0.002055599 -0.018054944 -0.008926512 0.862279475 0.506010652
1490 1605 -0.602182090 -0.019775590 -0.007022697 -0.025501853 0.001886319 -0.292286545 0.955988824
1482 1390 0.074150488 0.421821982 0.004681288 -0.013182162 -0.009983876 0.992526114 -0.120906979
1914 1265 -0.185231611 -0.064936966 -0.053535283 -0.007509594 -0.018009458 0.921808481 -0.387154609
856 455 -0.176073372 0.876891673 -0.047852591 0.007904162 0.002339452 0.999238193 0.038147364
0 866 0.211613923 0.258837581 0.041365113 -0.003113457 -0.006751862 0.994828224 -0.101299562
1021 2062 -0.324636072 -2.547802448 0.017789651 -0.015162200 -0.017271286 0.999725819 -0.004480493
2851 2086 0.237288043 0.595693827 -0.020616159 0.012548712 0.011312989 0.021470333 0.999626696
2095 2860 0.143948629 -0.773678362 0.008946461 -0.007563664 0.001105797 -0.054651879 0.998476207
2451 2688 -0.095941156 -0.209177062 -0.014841027 0.001523826 -0.019044816 0.997054040 -0.074285045
2681 2457 0.264489859 0.272152573 0.065059483 -0.000588669 -0.009358332 0.977857947 0.209059373
2669 2530 0.016760079 0.156130180 0.053042695 0.005549530 0.020231705 -0.029847289 0.999334276
2650 2548 0.050225548 -0.078539774 0.091227487 -0.009226599 0.042110942 -0.209660143 0.976823509
2632 2565 -0.033688918 0.262081742 0.010752229 0.000116568 0.004814309 0.969239473 0.246072471
2324 2238 0.135557026 0.011729016 -0.022631943 -0.002432167 -0.030067299 0.999544859 -0.000445393
2395 2177 -0.378378421 0.072717905 -2.109970093 -0.272308707 0.155818149 -0.783209741 0.536777496
2226 2175 -2.510441065 0.170227945 -0.047932547 -0.003723786 -0.022802120 0.511936307 0.858712673
778 3016 -1.006616235 0.320075572 0.025547463 -0.001475347 0.001295474 0.967239916 0.253856570
798 3032 -0.442213595 -0.249194384 -0.008216078 -0.012651667 0.001005362 0.174322084 0.984606862
1248 3064 0.003902351 0.186199605 -0.025561763 -0.003677300 -0.014455996 0.999857187 0.007945767
1943 3077 -0.065395489 -0.116847053 -0.002548325 0.002754556 -0.001746361 0.026459621 0.999644578
851 3087 0.024977705 0.093272559 -0.018256381 -0.011187523 0.003940186 0.138590962 0.990278661
1226 1953 -0.433643848 -0.132229447 0.033621565 -0.001556791 -0.012885355 0.999297380 0.035160884
7 449 -0.159165248 -0.189937979 -0.231861755 0.003663317 0.007811863 0.582939804 0.812469542
3099 13 -0.062805526 -0.894593060 -0.059521802 0.031708166 0.004250868 -0.015825734 0.999362826
103 3119 0.086044364 -0.227473691 0.020788837 -0.030173924 0.009120430 -0.010634081 0.999446452
115 3132 0.116345368 0.028399672 0.006533399 -0.032149479 -0.010871399 0.041466706 0.998563349
153 3178 -0.349605352 0.239633292 -0.004089946 0.032424916 -0.016017873 -0.495459199 0.867878020
310 3205 0.107215963 -0.303208649 0.021669149 -0.002873635 -0.004852140 -0.031869799 0.999476135
3191 296 0.357576966 -0.070460111 0.004887789 0.003411376 0.003024409 -0.468137771 0.883643746
3221 326 0.172329247 -0.254824251 0.018420268 0.010792285 0.002671108 -0.100167714 0.994908452
3310 3902 0.096543930 -0.439830393 -0.022308910 0.022787893 -0.003801082 0.194919437 0.980547130
3484 3920 -0.066653803 -0.333195686 0.022547029 -0.010150902 -0.001285916 0.023677522 0.999667287
3616 3489 -0.155106291 -0.835450292 -0.035618480 -0.011351293 -0.015551323 0.962049901 0.272193432
3909 3404 -0.382930696 -0.251691431 0.015747633 -0.004560980 0.007756548 -0.657748222 0.753184140
3318 3402 0.300077796 0.083407655 0.012610321 0.008124297 -0.041970745 0.994977415 -0.090511844
3411 3470 0.006698561 0.384381890 0.009641741 -0.005036171 -0.045675609 0.990009189 0.133307457
3562 204 -3.431414843 9.959827423 0.288191259 0.020750657 -0.002209420 0.916937232 0.398485184
3266 3354 0.079862788 4.903636456 0.232649952 -0.009958283 -0.039741725 0.997827768 -0.051586945
1589 1538 1.108143210 1.125410080 -0.143167332 -0.050327577 0.015362585 -0.097773768 0.993816555
1877 767 -0.107785478 -0.385414541 -0.047420904 0.025668953 -0.011876383 -0.137631327 0.990079582
710 1878 -0.106181651 0.165969312 0.051949952 0.008872722 -0.006521116 0.998567820 0.052355248
687 1649 0.314918786 -0.360730827 0.022426309 0.004697097 -0.023201980 0.994327962 -0.103690043
1928 600 -0.007847021 0.384506881 -0.013281844 -0.007411113 -0.005446122 0.996975601 -0.077169351
1859 731 0.112223439 0.054487165 -0.035115574 0.000073461 -0.012811178 0.999795437 0.015668837
1659 678 -0.263232440 -0.762684226 -0.021719666 -0.004791216 0.003286918 0.995839119 0.090943672
4528 1875 -2.197518349 0.126064152 -0.001209326 -0.014715129 0.005456009 0.035045333 0.999262452
3688 3922 4.212284088 -0.889910340 0.074511006 0.012259589 0.004409038 -0.092098482 0.995664656
3736 3966 -0.498586893 -0.109287791 -0.015870539 0.003461088 0.001193790 0.002043376 0.999991298
1788 4426 -1.221763849 0.257893175 -0.037561800 -0.002085646 -0.001656452 0.002839675 0.999992430
1813 4455 -0.112086773 0.463426024 -0.001075996 0.017581165 -0.014312762 -0.018764013 0.999566853
1252 4576 -0.039273057 -0.376358718 -0.035010487 -0.001601070 -0.009608317 0.998874366 -0.046422739
848 4599 -0.178951949 0.269052565 -0.008727747 -0.001301752 -0.003451480 0.010116016 0.999942005
870 4621 0.027479131 0.399153382 0.008404309 -0.005143397 0.002723318 -0.005623570 0.999967277
